"competition"	"K"	"diversity"	"stability"	"richness"	"biomass"
0.92	0.1	0.36672579134208927	-9.956845462341564	0.15	0.10563308185465217
1.0	0.1	0.48887610813125165	-7.733046492543669	0.35	0.1000005219189815
1.08	0.1	5.256296601440284e-34	-10.06414912633772	0.05	0.09999883902287056
0.92	0.17782794100389226	0.5981040045010373	-7.370771711453187	0.3	0.19052901508853265
1.0	0.17782794100389226	0.13817215126598012	-8.97337365143344	0.25	0.17782794381144565
1.08	0.17782794100389226	3.161836826526571e-33	-10.414250894853794	0.05	0.17782792613777237
0.92	0.31622776601683794	0.5372435736804843	-8.09530442064862	0.25	0.3378484155460288
1.0	0.31622776601683794	0.31032208246190335	-8.262200060869255	0.3	0.31622775480431126
1.08	0.31622776601683794	2.554183487579976e-39	-10.307995776836451	0.05	0.3162277743222875
0.92	0.5623413251903491	0.5917098233864426	-6.365431121904551	0.4	0.6025531120742883
1.0	0.5623413251903491	0.6187205941522597	-6.955169464468634	0.4	0.5623388589475454
1.08	0.5623413251903491	1.3365973557590692e-36	-10.129866947291784	0.05	0.5623413424712248
0.92	1.0	0.2723763593189624	-6.668928204101358	0.35	1.0354365548808553
1.0	1.0	0.5178705886169114	-5.433318151875062	0.39705	1.0000168905571842
1.08	1.0	0.07459407259988633	-8.834602543935524	0.26555	0.9650589514155055
0.92	1.7782794100389228	0.6346404235987342	-2.434837528295547	0.7	1.921455197203892
1.0	1.7782794100389228	0.04287400106954138	-7.571316248759397	0.35	1.7782931474357473
1.08	1.7782794100389228	2.041534001469527e-33	-9.56252213823589	0.05	1.7782998499122848
0.92	3.1622776601683795	0.5456478753407472	-5.198707771822258	0.5	3.3744677891755295
1.0	3.1622776601683795	0.4382596367205018	-3.6218248255379684	0.4513	2.087637510751844
1.08	3.1622776601683795	0.41226239271337684	-4.312589209538183	0.48674999999999996	2.792944810783853
1.08	5.623413251903491	6.831566645759209e-38	-10.429257394320798	0.05	5.623412782595786
1.0	10.0	0.21366593212652918	-7.993288631947176	0.35	9.999921790476392
0.92	0.1	0.36672579134208927	-9.846069792143663	0.15	0.10563308169162022
1.0	0.1	0.2081296592918206	-10.338419176657368	0.15	0.10000082640396442
1.08	0.1	1.0786322586091199e-29	-9.987430190796418	0.05	0.09999999325159055
0.92	0.17782794100389226	0.6495607487130102	-7.133246771488342	0.35	0.1909187089903765
1.0	0.17782794100389226	0.1434392275834972	-8.882380211079822	0.25	0.17782794530185475
1.08	0.17782794100389226	2.3722381912649464e-34	-9.696646220927398	0.05	0.17782792570166042
0.92	0.31622776601683794	0.6495607655663014	-7.206828518924387	0.35	0.33950683233293244
1.0	0.31622776601683794	0.24122501584526213	-7.988978099211633	0.3	0.31622777446367073
1.08	0.31622776601683794	2.527796755516083e-35	-9.557984588100448	0.05	0.3162277781149275
0.92	0.5623413251903491	0.5267437600110814	-4.951332911087606	0.4	0.6005455497768483
1.0	0.5623413251903491	0.43308713513788016	-6.85624281565495	0.4	0.5623413097125856
1.08	0.5623413251903491	1.6169545847580993e-31	-8.950838338640922	0.05	0.5623413468704649
0.92	1.0	0.5351707810780397	-6.462966611416118	0.4	1.068307024574456
1.0	1.0	0.25756410555831466	-8.347852404473022	0.3	1.0000063653566382
1.08	1.0	0.376879074169727	-5.66826238807024	0.30035	0.8858036086385268
0.92	1.7782794100389228	0.3858792755365896	-7.723375055763111	0.3209	1.876192254163888
1.0	1.7782794100389228	0.001201065503718256	-9.824207094588914	0.2	1.7782988626166503
1.08	1.7782794100389228	0.17795307170484764	-3.190368434130848	0.25785	1.7729429726869068
0.92	3.1622776601683795	0.4002420971868647	-3.8742362802549026	0.54	3.2685897120023832
1.0	3.1622776601683795	0.5063035166530515	-2.557030564655327	0.6186	2.538334560013722
1.08	3.1622776601683795	5.842549666319699e-40	-10.621145852578994	0.05	3.1622777565520868
0.92	5.623413251903491	0.21397103943805693	-5.999675487665563	0.5	5.767632608282425
1.0	5.623413251903491	0.00299717811671842	-7.37701545223874	0.4	5.623456607481058
0.92	10.0	0.0905525519416368	-9.957589435349705	0.24169999999999997	10.113559604960814
1.08	10.0	0.3302764775047131	-1.1190028550575541	0.384	4.451720256566352
0.92	0.1	0.5981040045001451	-8.044434080913721	0.3	0.10714232622565889
1.0	0.1	0.4445992710002298	-8.06474710281864	0.3	0.10000000006671941
1.08	0.1	9.163834642440604e-34	-10.126026524686253	0.05	0.09999883981762923
0.92	0.17782794100389226	0.46275642631951563	-9.199135666453616	0.2	0.18917755084291696
1.0	0.17782794100389226	0.18876525130158708	-8.490350387473713	0.3	0.17782907816800192
1.08	0.17782794100389226	9.686861040498389e-37	-10.166148085187677	0.05	0.17782999533590593
0.92	0.31622776601683794	0.5372435736804476	-7.790629897831674	0.2501	0.33784841610236627
1.0	0.31622776601683794	0.3343085673425373	-7.470811536933406	0.35	0.3162277562103057
1.08	0.31622776601683794	4.365187028986796e-36	-9.660356984882501	0.05	0.31622777236816374
0.92	0.5623413251903491	0.5969871566054399	-5.313075517685106	0.4215	0.602515327880009
1.0	0.5623413251903491	0.26179127605008123	-7.03592065324483	0.28635	0.5623720107292314
1.08	0.5623413251903491	0.2455190422627175	-9.57683345146708	0.2	0.32812005133946154
0.92	1.0	0.5548574481172378	-4.20690974574168	0.45	1.0884695831279962
1.0	1.0	0.3352573798620174	-6.718749020144799	0.45	1.0135042442696578
1.08	1.0	0.04138983076569938	-8.818501778561606	0.1121	0.9948049032323564
0.92	1.7782794100389228	0.34959747859994045	-5.5276155044205355	0.44394999999999996	1.8576504561808371
1.0	1.7782794100389228	0.33448544502680927	-3.9428889931631934	0.35	1.5907380914853027
1.08	1.7782794100389228	1.423634719391787e-37	-10.327158048029453	0.05	1.7782792889005021
0.92	3.1622776601683795	0.36967611261756794	-6.5189669916597	0.41745	3.3279183288324523
1.0	3.1622776601683795	0.03971097854579425	-8.995507208706627	0.25	3.162277747561991
1.08	3.1622776601683795	7.164706507191063e-37	-10.766707318774504	0.05	3.162314024556492
1.0	5.623413251903491	0.1462133001395767	-7.022218852943025	0.4	5.823092037919274
0.92	0.1	0.6941346152737061	-6.86046525103041	0.4	0.10752641222448393
1.0	0.1	0.012442193710542749	-10.231270671316391	0.15	0.0999989157247613
1.08	0.1	2.4793424799905696e-35	-10.49761999393628	0.05	0.09999999300377653
0.92	0.17782794100389226	0.2397089028709227	-10.015568262871685	0.15	0.18541434331733847
1.0	0.17782794100389226	0.033544013763538785	-8.612242772779169	0.3	0.17782953602303492
1.08	0.17782794100389226	2.843070486203812e-29	-9.342913780172962	0.05	0.17782792579808
0.92	0.31622776601683794	0.6495607655251132	-7.104309172764976	0.35	0.33950683286710875
1.0	0.31622776601683794	0.36691054090508635	-8.995335665613876	0.2	0.32017909276433765
1.08	0.31622776601683794	2.280471523061564e-16	-9.557051503815465	0.05	0.31622777040569416
0.92	0.5623413251903491	0.44991561811365466	-8.811380353436252	0.25	0.5975379489558736
1.0	0.5623413251903491	0.3048420500365107	-7.765922513323593	0.2873	0.5624086142356285
1.08	0.5623413251903491	7.049630074107468e-36	-10.091917174434153	0.05	0.5623412914590175
0.92	1.0	0.6219255076818835	-1.8331558160371881	0.8	1.0739029512686098
1.0	1.0	0.37688058292021764	-6.6964864810831966	0.37785	1.0000000131959923
1.08	1.0	0.35827667220550397	-7.185996234876666	0.4	0.830102051629495
0.92	1.7782794100389228	0.5263960871334936	-4.7773699299728865	0.45795	1.6584176648016182
1.0	1.7782794100389228	0.4624848157796626	-3.932208296843639	0.5709500000000001	1.8115221671899175
1.08	1.7782794100389228	5.326156637594806e-36	-9.731248018031087	0.05	1.7782792716837423
0.92	3.1622776601683795	0.5377141176859864	-3.9079884353608976	0.5	2.0980357895313846
1.08	3.1622776601683795	0.38404544686506936	-5.5352710222300825	0.44329999999999997	2.768611508661034
1.08	5.623413251903491	0.29891556342348025	-3.6190081280775255	0.3	2.980659656642095
1.0	10.0	0.22692603975110656	-8.544269349894957	0.3	9.999999590533667
0.92	0.1	0.6495607648019451	-7.63305109551664	0.35	0.10736146659305378
1.0	0.1	0.16298644588056277	-8.997246431811291	0.25	0.10000000227058141
1.08	0.1	7.460839785341843e-35	-10.468138638518068	0.05	0.09999999145072486
0.92	0.17782794100389226	0.5981040045001709	-7.06184691508363	0.3	0.19052901445505804
1.0	0.17782794100389226	0.3512126839161741	-8.560809311237794	0.2	0.1778268706967096
1.08	0.17782794100389226	7.758849457655483e-35	-9.689958216698294	0.05	0.17782794742452018
0.92	0.31622776601683794	0.5372435756949027	-8.057651106726258	0.3	0.3378484149529262
1.0	0.31622776601683794	0.277031712965027	-7.5156759585656285	0.35	0.3162277562842246
1.08	0.31622776601683794	3.935694312364215e-18	-10.235448544099215	0.05	0.3162277523381548
0.92	0.5623413251903491	0.6497714175478955	-5.859080140529975	0.3794	0.6037647273476039
1.0	0.5623413251903491	0.2928551334379738	-7.571806355758302	0.35	0.5623413375154341
1.08	0.5623413251903491	1.8544893906855346e-36	-10.059516033478982	0.05	0.5623413023513381
0.92	1.0	0.5851530725237064	-5.922627941350194	0.38955	1.0706369810625715
1.0	1.0	0.4318588766752962	-6.469467892275766	0.4	0.8581110021915623
1.08	1.0	3.849877218513726e-37	-9.764453453725803	0.05	0.9999999627348054
0.92	1.7782794100389228	0.5571919157073921	-3.0619033753827263	0.6	1.9184359333188226
1.0	1.7782794100389228	0.4709842016812642	-5.708786712248989	0.6	1.8104149762261539
1.08	1.7782794100389228	0.2023293630851462	-8.591434475530978	0.15	1.8132118095810212
0.92	3.1622776601683795	0.5467120424335743	-4.528305698906953	0.4434	2.8288410024188755
1.08	3.1622776601683795	2.9329163535779317e-37	-9.784254087422012	0.05	3.1622774460458913
0.92	5.623413251903491	0.6383522083212207	-1.5579365781768142	0.70065	3.6297695798087464
1.0	5.623413251903491	0.4146958363738109	-0.3307280024129727	0.45	3.8243725922134466
1.08	5.623413251903491	0.17374472582266912	-2.8478250845244406	0.3	5.603132427513278
0.92	0.1	0.598104004500745	-7.955525358139505	0.3	0.10714232649332557
1.0	0.1	0.3515627390762577	-9.732908578334467	0.2	0.1000006263029749
1.08	0.1	6.162876332462777e-35	-9.678580603048271	0.05	0.10000116094638788
0.92	0.17782794100389226	0.6495607655597117	-7.57174276582506	0.35	0.19091870923116533
1.0	0.17782794100389226	0.016072054999481708	-7.667799036676517	0.35	0.17782793079847092
1.08	0.17782794100389226	4.278931431330805e-33	-9.959605916924394	0.05	0.17782794906071162
0.92	0.31622776601683794	0.5372435736800061	-7.397547695043033	0.25	0.3378484151252874
1.0	0.31622776601683794	0.2801077172327897	-7.034725860197239	0.4	0.3162261843848061
1.08	0.31622776601683794	2.8144807751424674e-35	-10.723775348952271	0.05	0.31622774141889853
0.92	0.5623413251903491	0.5981040045012358	-7.623941567461029	0.3	0.6025057092579222
1.0	0.5623413251903491	0.4377031462761242	-6.627607058956689	0.41914999999999997	0.5750704226081435
1.08	0.5623413251903491	1.720128712862905e-35	-9.825643975074405	0.05	0.5623413456593183
0.92	1.0	0.5820774212767713	-4.340879634532549	0.5	1.0708085233379172
1.0	1.0	0.3505917623235548	-6.668920510303401	0.35	0.9999999619101438
1.08	1.0	0.05717121800499318	-7.552490527196092	0.20625	0.9603318115156043
0.92	1.7782794100389228	0.46414500672832615	-7.357691167529332	0.4485	1.7706722838937894
1.0	1.7782794100389228	0.4866897666348643	-3.0545524261931747	0.45	1.747724312260795
1.08	1.7782794100389228	9.570064918581928e-37	-10.754891025799648	0.05	1.7782794674828437
0.92	3.1622776601683795	0.33977310365152974	-5.3792632602823485	0.41805000000000003	3.3028211068518556
1.0	3.1622776601683795	0.46288361193765587	-3.614081709487561	0.55	2.1901807104703663
1.08	3.1622776601683795	0.3840539249063476	-0.6048582809247228	0.1135	2.467385916624194
0.92	5.623413251903491	0.6228051979547335	-2.8031547546037863	0.5	3.5182116687928477
1.0	5.623413251903491	0.3673119266289131	-5.849037741611562	0.3	4.009090720335579
1.08	5.623413251903491	3.2001475486347197e-34	-10.041678653925052	0.05	5.623413389255985
0.92	0.1	0.6495603098840824	-7.75826451031447	0.35	0.10736146304161091
1.0	0.1	0.2668619469291685	-8.593940007228532	0.3	0.10000074720440369
1.08	0.1	9.821005096336704e-36	-9.759871866674228	0.05	0.09999999649964295
0.92	0.17782794100389226	0.4627564263195157	-8.325934511281138	0.2	0.18917755114415466
1.0	0.17782794100389226	0.385208255605524	-0.9130586535044362	0.1	0.13267683335814437
1.08	0.17782794100389226	1.5814392716519118e-34	-10.65280572207763	0.05	0.17782792710794054
0.92	0.31622776601683794	0.46416489153586443	-8.380842520365555	0.25	0.33649199638162314
1.0	0.31622776601683794	0.2425573498794621	-8.834074546700712	0.25	0.31622777191247103
1.08	0.31622776601683794	2.819037412942431e-35	-10.030303131346571	0.05	0.3162277743342107
0.92	0.5623413251903491	0.5981040045017971	-5.235978339531741	0.3	0.6025057070648895
1.0	0.5623413251903491	0.42308424079596085	-7.081707917856593	0.4	0.5623413320699389
1.08	0.5623413251903491	3.9074695994611117e-35	-9.921845599444199	0.05	0.5623412923275365
0.92	1.0	0.7289831506906602	-3.2673983233559376	0.6	1.0979682589592838
1.0	1.0	2.3034323278708734e-5	-9.194113592959678	0.25	0.999988492926896
1.08	1.0	7.058742886047737e-33	-9.42553369629639	0.05	0.9999999384393267
0.92	1.7782794100389228	0.5918858161514228	-3.6973805735276875	0.45	1.8925830962245318
1.0	1.7782794100389228	0.49077075017438776	-3.078182791130966	0.5	1.8164061904317785
1.08	1.7782794100389228	1.789734000263917e-40	-10.475340631879224	0.05	1.7782589596126517
0.92	3.1622776601683795	0.6850103682275211	-1.776423099164979	0.73345	3.0931122171031675
1.0	3.1622776601683795	0.5523084721125237	-0.7209692458216523	0.45	2.564378874518134
1.08	3.1622776601683795	0.22117236951410943	-3.4506741962697705	0.3	3.200343988059162
0.92	5.623413251903491	0.4006794022699378	-7.24547864562985	0.4	5.931372482706106
1.0	5.623413251903491	0.3943254143401811	-4.376586748856885	0.4976	4.949983276242197
1.08	5.623413251903491	0.37534502586718016	-4.893738398340967	0.6	4.3139224360158135
1.0	10.0	0.024401822077860152	-7.30629303896014	0.35	10.00000025829266
0.92	0.1	0.6495607462347455	-7.616367432069123	0.35	0.10736146654993953
1.0	0.1	0.0372039537103389	-7.897751726930674	0.35	0.09999900872071249
1.08	0.1	2.9864913396192915e-34	-10.137536584092127	0.05	0.10000116012137564
0.92	0.17782794100389226	0.6493217946852522	-6.847438380390246	0.35	0.1909155673124638
1.0	0.17782794100389226	0.2544878281932812	-8.267076426516764	0.263	0.17782793376468942
1.08	0.17782794100389226	1.6700150770092002e-33	-10.448901358739953	0.05	0.1778279273865797
0.92	0.31622776601683794	0.46594332175278663	-6.297410661626996	0.4	0.33663992320994024
1.0	0.31622776601683794	0.20621199893181902	-7.029178909071737	0.3726	0.31622775331477343
1.08	0.31622776601683794	1.3454716306630824e-32	-10.160013917473021	0.05	0.3162277405404137
0.92	0.5623413251903491	0.4540481830445741	-6.537054253183325	0.4	0.6003025123452325
1.0	0.5623413251903491	0.5391222028106941	-5.95439113805457	0.3	0.562341336712396
1.08	0.5623413251903491	6.399671970329055e-32	-9.22914343675255	0.05	0.5623477960647534
0.92	1.0	0.5730769642707597	-5.040158712118457	0.5	1.0756512574306771
1.0	1.0	0.3121420811241367	-7.324204549096971	0.4	0.999999965139253
1.08	1.0	0.04209765050035018	-8.513298124585667	0.15105	0.986087920590184
0.92	1.7782794100389228	0.29009593388005395	-6.366674821496941	0.35755	1.846449704067895
1.0	1.7782794100389228	0.39285602824398835	-5.148616985931964	0.25215	1.7217461376834404
1.08	1.7782794100389228	2.5021716203694353e-36	-9.221638638326372	0.05	1.7782792658978832
0.92	3.1622776601683795	0.5632671388343965	-2.726024776783522	0.6698000000000001	2.2380461838177137
1.0	3.1622776601683795	0.04008708167495881	-9.115567222441037	0.25	3.1623035225489606
1.08	3.1622776601683795	1.895419223939369e-40	-10.163255371546597	0.05	3.162313994144689
0.92	5.623413251903491	0.14493897428526828	-7.9521057097449885	0.3532	5.750953604942248
1.0	5.623413251903491	0.16892165416527663	-6.898579378776928	0.4	5.623413077980959
1.08	5.623413251903491	6.727451871876865e-34	-9.809805488753911	0.05	5.62341277365902
0.92	10.0	0.5138565486349954	-2.3877572403458096	0.55	4.582781070014188
0.92	0.1	0.5981040014554442	-8.208978751811541	0.3	0.10714232621286683
1.0	0.1	0.005421430728525805	-10.44898569827365	0.15	0.10000114025619944
1.08	0.1	7.980007281084106e-33	-10.071253481992638	0.05	0.10000000399306684
0.92	0.17782794100389226	0.5372435736804615	-8.29669660886099	0.25	0.18998611392802714
1.0	0.17782794100389226	0.3365004430598888	-6.350688579180567	0.45	0.17782794563185808
1.08	0.17782794100389226	2.1959536871165676e-36	-9.734740883581278	0.05	0.1778279457061496
0.92	0.31622776601683794	0.5981040041147349	-7.690917717700978	0.3	0.3388138451743138
1.0	0.31622776601683794	0.3583044411466703	-7.428548878485787	0.35	0.3162298079459988
1.08	0.31622776601683794	3.556826103681178e-37	-10.134808734503471	0.05	0.316227743973081
0.92	0.5623413251903491	0.37498620473922095	-7.696451178023658	0.3	0.5194708623050339
1.0	0.5623413251903491	0.41278738984516833	-7.555373004372659	0.25	0.5623413084342129
1.08	0.5623413251903491	9.6944031338833e-36	-10.11895975872783	0.05	0.5623412768201701
0.92	1.0	0.45748844372416164	-4.73460084272288	0.3943	1.032843817470171
1.0	1.0	0.4283237716874031	-7.240426635366764	0.4	1.0000000204909383
1.08	1.0	1.6989869543707505e-34	-9.157332500362305	0.05	0.9999999199219546
0.92	1.7782794100389228	0.658622015620069	-2.455482894369556	0.65	1.826017081655735
1.0	1.7782794100389228	0.6522565532920549	-4.1412129297603215	0.6825	1.6853096866367183
1.08	1.7782794100389228	0.413421794505486	-5.081576316604953	0.42015	1.4383569333934194
0.92	3.1622776601683795	0.23250471418329308	-6.450597339377421	0.4	3.255552780780989
1.0	3.1622776601683795	0.5010958346350158	-5.055110825230512	0.5	1.8640491887152222
1.08	3.1622776601683795	2.534079164327397e-37	-10.423510738926588	0.05	3.1622777611159956
0.92	5.623413251903491	0.15704341779150446	-8.343746158174444	0.26225	5.757354797412154
1.08	5.623413251903491	0.3164080413996706	-5.832038754298834	0.36019999999999996	2.8832578248429295
1.0	10.0	0.01129080343638857	-8.545299025738586	0.3	10.000076050064639
0.92	0.1	0.5372435736802188	-8.730507095189662	0.25	0.10683703231237754
1.0	0.1	0.3019114448723045	-8.693851874209724	0.25	0.10000000158934992
1.08	0.1	7.3418602967410255e-34	-8.967176271286519	0.05	0.1000000033696698
0.92	0.17782794100389226	0.598104004501841	-7.853246895102852	0.3	0.1905290145376459
1.0	0.17782794100389226	0.3014812082716762	-6.668823154956887	0.4	0.177826741096284
1.08	0.17782794100389226	4.6027959455695074e-29	-9.077741428370413	0.05	0.17782794458118328
0.92	0.31622776601683794	0.53724357484926	-6.690418716953277	0.3842	0.3378484145048169
1.0	0.31622776601683794	0.19958106862560673	-8.348516608794439	0.3	0.3162277752208539
1.08	0.31622776601683794	2.196873233896834e-16	-8.82304749695702	0.05	0.3162314102063458
0.92	0.5623413251903491	0.7686217832559087	-4.631054951395825	0.5	0.6059690177008165
1.0	0.5623413251903491	0.515022388898107	-6.215270923652133	0.4	0.5623437877435001
1.08	0.5623413251903491	6.980147566158486e-35	-9.41022046227307	0.05	0.5623413391192691
0.92	1.0	0.5843601432921651	-5.145657050431638	0.45	1.070715495698133
1.0	1.0	0.4085586004074058	-7.525216483995413	0.3	1.000005290865109
1.08	1.0	1.8483933460643016e-38	-10.113794073859719	0.05	1.000000046064769
0.92	1.7782794100389228	0.5105749504928265	-3.625908074420309	0.35	1.7327779927016855
1.0	1.7782794100389228	0.3710844287149897	-7.5897104922316645	0.35	1.8257098188274978
1.08	1.7782794100389228	0.42460550273224656	-3.7013344308058556	0.45	1.1311940531690856
0.92	3.1622776601683795	0.6038696517483507	-6.079720085716055	0.5627	3.064130163847866
1.0	3.1622776601683795	0.0006277639129631013	-9.831185408666176	0.2	3.162311673960693
1.08	3.1622776601683795	0.3876869322966183	-5.4931093503469395	0.3088	1.4897828112824247
0.92	5.623413251903491	0.29792734737546445	-5.198043795745261	0.4606	5.826395651534759
1.08	5.623413251903491	0.15728645659186513	-2.9881046236892894	0.15	5.709302900793343
0.92	10.0	0.06109845419670722	-10.044113077875808	0.22585000000000002	10.15816106129141
1.0	10.0	0.0012997255826367642	-9.778478500713659	0.2	9.99999939019429
1.08	10.0	0.22246638771762822	-4.001003518322153	0.3	2.3772665850051564
0.92	0.1	0.4627564263195157	-9.347322456059695	0.2	0.10638234427661752
1.0	0.1	0.4261661376963876	-9.665590049087674	0.2	0.09999999605866633
1.08	0.1	4.4942345806995786e-33	-10.637756486230163	0.05	0.09999999181038353
0.92	0.17782794100389226	0.4627564263195157	-9.797176255546104	0.2	0.18917755097782293
1.0	0.17782794100389226	0.21666577750176802	-7.700640389922543	0.35	0.17782794561048754
1.08	0.17782794100389226	9.867746264617684e-35	-9.482677644349694	0.05	0.17782794467508886
0.92	0.31622776601683794	0.5981040045015678	-6.991597062237565	0.3	0.33881384616982624
1.0	0.31622776601683794	0.3924170230912412	-6.810093615078723	0.35	0.3162259025859414
1.08	0.31622776601683794	5.20506297836492e-37	-10.150539227719964	0.05	0.3162277413005742
0.92	0.5623413251903491	0.45286376349323093	-7.015363172327662	0.35	0.597818604336569
1.0	0.5623413251903491	0.05830191372260171	-9.733429074654566	0.2	0.5623453994499527
1.08	0.5623413251903491	6.720828807875507e-8	-9.851237316811567	0.1	0.5623413490090793
0.92	1.0	0.5311222792914084	-4.582662810753257	0.51405	1.0816016705946339
1.0	1.0	0.1791216304784225	-9.140135621554776	0.25	1.0000067594320692
1.08	1.0	0.34008277195752956	-6.448812271025142	0.23199999999999998	0.8877827031299951
0.92	1.7782794100389228	0.525921910419595	-2.8046737486407416	0.3	1.9216585436807978
1.0	1.7782794100389228	0.40995281303855874	-7.249714178829924	0.35	1.7782793588794623
1.08	1.7782794100389228	0.0576751342018736	-9.599503036823146	0.1669	1.7449709778268179
0.92	3.1622776601683795	0.5415698095521703	-3.551772934363439	0.55855	3.091813352786869
1.0	3.1622776601683795	0.5350188823394318	-4.699723491168993	0.5	2.291913869232889
1.08	3.1622776601683795	0.36393558920851193	-6.227468075543594	0.49269999999999997	2.825701926477461
0.92	5.623413251903491	0.12903887894159533	-7.356629327789515	0.3629	5.7238309620014585
1.0	5.623413251903491	0.12240343674244587	-7.849014521467446	0.35	5.6234129718021055
1.08	5.623413251903491	0.37549327680407146	-5.830100253161403	0.55	5.202842911104538
1.0	10.0	0.06024749506254751	-8.691303941673976	0.25	9.999999713910032
0.92	0.1	0.46275642631950575	-9.194442145553968	0.2	0.10638234427007248
1.0	0.1	0.10912729746397398	-9.100040434200448	0.25	0.09999999361804976
1.08	0.1	3.687900330351384e-30	-10.14025547463502	0.05	0.10000000240542137
0.92	0.17782794100389226	0.5981040045003202	-7.996323110267822	0.3	0.1905290148753182
1.0	0.17782794100389226	0.1429118964504831	-10.262306134061642	0.1	0.17782793101222902
1.08	0.17782794100389226	2.129675656138757e-37	-10.743556007108358	0.05	0.17782792786163087
0.92	0.31622776601683794	0.4644576767144316	-6.381078710704619	0.3	0.336488091831782
1.0	0.31622776601683794	0.5243077768314368	-6.90139901731547	0.4	0.31622777278710673
1.08	0.31622776601683794	2.6676806697597615e-32	-9.217107028367476	0.05	0.31622777776237443
0.92	0.5623413251903491	0.3709111079163537	-8.534151203696698	0.3	0.594416648165589
1.0	0.5623413251903491	0.29787820678025195	-7.720372280916867	0.29664999999999997	0.5623792700412236
1.08	0.5623413251903491	4.6695749334540434e-40	-10.172641564307023	0.05	0.562347800647857
0.92	1.0	0.24358727252432072	-7.069866784544203	0.35615	1.033935397128404
1.0	1.0	0.3575207616851089	-5.2057103342328634	0.55	1.0126383041673301
1.08	1.0	0.0561249004549106	-9.555058668472093	0.0972	1.005021752982996
0.92	1.7782794100389228	0.6187576663278095	-3.7813331480231795	0.5930500000000001	1.8411179337662307
1.0	1.7782794100389228	0.4731354584511149	-5.106048421817982	0.45	1.3858803596080649
1.08	1.7782794100389228	0.14774929301048043	-10.256687598332283	0.1	1.825709789315678
0.92	3.1622776601683795	0.24788924908707669	-8.55857890699887	0.3	3.259200006384516
1.0	3.1622776601683795	0.4055158680285334	-4.821066273610307	0.34785	1.9881433462600102
1.08	3.1622776601683795	0.2826933585460268	-2.7160310410657766	0.355	2.833823444097842
0.92	5.623413251903491	0.31323050022911797	-7.907299604797212	0.27435	5.8969378402879675
1.0	5.623413251903491	0.0324543499297212	-9.766014863525642	0.2	5.623458966026382
1.08	5.623413251903491	7.161299919330042e-38	-10.771527865599202	0.05	5.623477863623013
0.92	10.0	0.46633999072872323	-3.640927957065999	0.35	3.0545621262948868
0.92	0.1	0.7334186584274958	-6.316202779689692	0.45	0.1076548554669148
1.0	0.1	0.5392662339694558	-6.905201602992821	0.4	0.10000000152263534
1.08	0.1	9.785912051174981e-36	-10.175263125186223	0.05	0.1000011609141518
0.92	0.17782794100389226	0.5372435736804613	-8.785972186633455	0.25	0.1899861141436953
1.0	0.17782794100389226	0.1726438417740631	-9.984552732702436	0.15	0.177827932518252
1.08	0.17782794100389226	8.347147884440621e-36	-9.871218321317611	0.05	0.17782999656140183
0.92	0.31622776601683794	0.4641659610341904	-8.993109607341605	0.25	0.3364881590336168
1.0	0.31622776601683794	0.15162297283309334	-9.691887177727885	0.2	0.3162277530884095
1.08	0.31622776601683794	3.4045373182962875e-20	-9.716573770440698	0.05	0.31622773806654253
0.92	0.5623413251903491	0.5372435731995202	-7.777097323672029	0.25	0.6007888998494387
1.0	0.5623413251903491	0.33202180071146364	-8.53930308016424	0.2	0.562338014695102
1.08	0.5623413251903491	0.05920630049193582	-7.082616120688648	0.27365	0.5388085224992983
0.92	1.0	0.48075172846112013	-3.0867687958859666	0.66865	1.0640221226548985
1.0	1.0	0.40508694273492035	-7.328448931676155	0.21225	0.9999999717622956
1.08	1.0	0.3129675428320517	-6.383009706066725	0.32645	0.9090097657941076
0.92	1.7782794100389228	0.6267253138491954	-4.506180709443631	0.6	1.9186859101103835
1.0	1.7782794100389228	0.40241970238756897	-4.754144851502826	0.4	1.7265051528608306
1.08	1.7782794100389228	0.059213926336568995	-9.435309293991766	0.1734	1.7463085003920857
0.92	3.1622776601683795	0.7411538360155473	-2.742246947973585	0.64025	2.892872166022059
1.0	3.1622776601683795	0.4151015045228802	-6.277371766722922	0.4	2.3145564385781805
1.08	3.1622776601683795	0.29878593623996025	-2.2727562389308176	0.20779999999999998	2.850357755586699
1.0	5.623413251903491	8.309297968038807e-5	-9.20265121100952	0.25	5.623413426993128
1.08	5.623413251903491	0.34940172760087584	-6.743268792032997	0.25	2.48369726045755
1.08	10.0	0.18168878073448083	-4.2710955057784545	0.4	4.69050449322148
0.92	0.1	0.5981040045017718	-8.238077968708394	0.3	0.10714232626510663
1.0	0.1	0.37740385622472095	-7.133591226639682	0.4	0.10000000168881884
1.08	0.1	1.2341155761363861e-29	-10.072308632908234	0.05	0.09999999069914843
0.92	0.17782794100389226	0.36672579134208927	-9.562105834882889	0.15	0.18784515070282595
1.0	0.17782794100389226	0.440403157093214	-6.41970132984248	0.45	0.1778288706613978
1.08	0.17782794100389226	3.231155153849806e-34	-10.84146135736248	0.05	0.17782794664709156
0.92	0.31622776601683794	0.6941346357495781	-6.234112081303638	0.4	0.3400284413919095
1.0	0.31622776601683794	0.39736156200613626	-6.752708565010397	0.35	0.3162294871170768
1.08	0.31622776601683794	0.15060200540662189	-7.140074561272502	0.35	0.32222752816986167
0.92	0.5623413251903491	0.695174647976594	-4.443924258034942	0.45	0.6047783579603642
1.0	0.5623413251903491	0.00048230508328822596	-8.567723670067156	0.3	0.5623412761436724
1.08	0.5623413251903491	8.582573889591784e-36	-10.102730873397698	0.05	0.5623412774390825
0.92	1.0	0.47926358509419076	-4.381667844746476	0.5	1.0636753100986587
1.0	1.0	0.1879145787169767	-9.388388945915741	0.22565	1.0010338727879327
1.08	1.0	5.7279754220714726e-36	-9.741836814427735	0.05	1.0000000260736612
0.92	1.7782794100389228	0.5999571419614734	-1.744130964977853	0.70675	1.928996921794741
1.0	1.7782794100389228	0.510930306487139	-4.467593005270401	0.45	1.7747683576154754
1.08	1.7782794100389228	0.07131017178814737	-6.885573295587241	0.24235	1.7193173735728056
0.92	3.1622776601683795	0.4417996910824262	-5.123880659011215	0.45135	2.554287485069787
1.0	3.1622776601683795	0.4814643700525693	-2.4431146529329464	0.6	2.754130327990332
1.08	3.1622776601683795	6.292289287049084e-38	-10.154008581740625	0.05	3.162314022708729
1.08	5.623413251903491	0.17055213002926817	-8.641903391908114	0.3464	5.460874621160219
0.92	10.0	0.48563411519416533	-4.596157009257118	0.75995	11.24828609832303
1.0	10.0	0.024935213723814582	-8.332816353657261	0.3	9.999999914543702
1.08	10.0	2.0643377250138993e-42	-10.71068551948164	0.05	9.99999916057111
0.92	0.1	0.5981040044599546	-8.114650751758196	0.3	0.1071423266348448
1.0	0.1	0.23355044255191026	-9.028971246960246	0.25	0.10000000156922281
1.08	0.1	6.858514631219409e-35	-9.527454295745933	0.05	0.09999999264884617
0.92	0.17782794100389226	0.5372435675084418	-8.290588307492772	0.25	0.1899861140475549
1.0	0.17782794100389226	0.5236878061843954	-7.560463219106464	0.35	0.1778279435082945
1.08	0.17782794100389226	0.17987510888620664	-9.123195985363765	0.2	0.17753846194235529
0.92	0.31622776601683794	0.46275642631950326	-8.410065169695322	0.2	0.3364105606861313
1.0	0.31622776601683794	0.30454648081543934	-7.777893993693771	0.35	0.31946620828863337
1.08	0.31622776601683794	2.4530893292576857e-39	-10.324908002408538	0.05	0.3162277734494943
0.92	0.5623413251903491	0.5378771970124053	-3.8617479836520787	0.55	0.6014001194163786
1.0	0.5623413251903491	0.2781232281526264	-8.973416786820852	0.25	0.5623413044568063
1.08	0.5623413251903491	0.017111035083753195	-8.681075292432388	0.17435	0.5546054912310122
0.92	1.0	0.5822189477301903	-3.170288945579462	0.61025	1.0723383311674728
1.0	1.0	0.49649465130977	-5.051951516718836	0.4082	1.0000626823908478
1.08	1.0	0.06377710747941193	-8.906877637311428	0.2062	0.9757836739278098
0.92	1.7782794100389228	0.568538935413088	-4.264291394515979	0.44645	1.622361736944705
1.0	1.7782794100389228	0.5613344216513749	-2.671996751950335	0.45	1.8014738707482183
1.08	1.7782794100389228	0.2540844474975563	-4.685169013591199	0.3365	1.761410330713939
0.92	3.1622776601683795	0.3729525218364573	-6.309977695427938	0.40199999999999997	3.332150842807761
1.0	3.1622776601683795	0.3585201928013958	-4.074561294668355	0.45	2.891554028416002
1.08	3.1622776601683795	6.500944860349838e-34	-9.867346168790466	0.05	3.1622413139482553
0.92	5.623413251903491	0.4486538439470106	-3.876273392628476	0.5	3.511011485993218
1.0	5.623413251903491	0.5840669514439764	-4.56334412011445	0.6	3.6806311172226063
1.08	5.623413251903491	4.217070605403757e-37	-10.301635860173256	0.05	5.623413422080712
0.92	0.1	0.5372435736802698	-8.11528338112124	0.25	0.10683703211071693
1.0	0.1	0.2252669191662164	-9.185681663124928	0.25	0.10000082873658263
1.08	0.1	2.173867215379285e-34	-10.34718482814943	0.05	0.0999999934125765
0.92	0.17782794100389226	0.46275642631951563	-8.589229681050771	0.2	0.18917755030677808
1.0	0.17782794100389226	0.2736752960110178	-8.470933846128244	0.3	0.17782915029521296
1.08	0.17782794100389226	2.533602861656822e-37	-10.588986120062735	0.05	0.17782792930515923
0.92	0.31622776601683794	0.5980982480922854	-7.043089386970766	0.3035	0.3388136769236975
1.0	0.31622776601683794	0.19661511302422285	-9.997196306610473	0.1	0.3162277484358931
1.08	0.31622776601683794	8.824067545998691e-32	-10.009528757010932	0.05	0.3162277483663447
0.92	0.5623413251903491	0.5922351242517067	-3.5250626797638462	0.5559999999999999	0.6025533684890438
1.0	0.5623413251903491	0.5839464533649347	-5.035450340501094	0.4	0.5623389044591592
1.08	0.5623413251903491	4.079619689931464e-35	-9.812828592746275	0.05	0.5623412855418726
0.92	1.0	0.5675324811810725	-5.492428896134005	0.35	1.0694707620575252
1.0	1.0	0.049402303588744076	-10.182995035117845	0.15	1.0000000343437714
1.08	1.0	0.02189820308752136	-8.422801108183755	0.15775	0.9833522492373179
0.92	1.7782794100389228	0.5728211220914955	-3.0335389876907706	0.7	1.9076519577053794
1.0	1.7782794100389228	0.39034504040289897	-6.295982844646422	0.4	0.8552488053122351
1.08	1.7782794100389228	0.4089981423767926	-3.5405047920063444	0.54965	1.5330624899382999
1.0	3.1622776601683795	0.06946473841955253	-8.640029610592963	0.25	3.162254019449656
1.08	3.1622776601683795	1.0053827358679584e-39	-10.042178913026245	0.05	3.1622777363449837
1.08	5.623413251903491	0.30007668174208174	-2.44996343015492	0.29425	2.4478457817718735
0.92	0.1	0.649560765565492	-7.55388439091265	0.35	0.10736146669558676
1.0	0.1	0.43514368022726674	-7.438801430045214	0.35	0.10000000148412812
1.08	0.1	4.401327162018589e-33	-8.856959541930864	0.05	0.10000116091305424
0.92	0.17782794100389226	0.4627564263195157	-8.122761210735117	0.2	0.1891775509627283
1.0	0.17782794100389226	0.3301753569127144	-7.8111999754287496	0.35	0.17782886722650976
1.08	0.17782794100389226	1.6589616675696943e-35	-9.886774348274491	0.05	0.1778279440204816
0.92	0.31622776601683794	0.7334515795997391	-5.5138397863309025	0.45	0.34043525199897323
1.0	0.31622776601683794	0.0009266884594063568	-7.986262610467013	0.35	0.31623140626192664
1.08	0.31622776601683794	0.027034576863379668	-10.31058963423613	0.13965	0.313283517572526
0.92	0.5623413251903491	0.5324457352808548	-6.465784604543096	0.3194	0.6006358198404987
1.0	0.5623413251903491	0.36504528766485056	-7.06425558489763	0.2732	0.5623380722121717
1.08	0.5623413251903491	0.1111289583459413	-10.053008666715574	0.13245	0.5667504823435164
0.92	1.0	0.48148263568578187	-4.460188833956513	0.5	1.068587753143698
1.0	1.0	0.46197205225097415	-5.577203989225124	0.40245	0.7518424739101062
1.08	1.0	1.5921683466865658e-36	-10.421025162518522	0.05	0.9999999191722512
0.92	1.7782794100389228	0.6987394416734732	-2.3031435153471262	0.75	1.9016683694288614
1.0	1.7782794100389228	0.5603896755716673	-3.504341762812447	0.55	1.7250423024985653
1.08	1.7782794100389228	0.042324331014815475	-7.930729988005922	0.196	1.7411912788316743
1.0	3.1622776601683795	0.048775473147351055	-8.293102827240034	0.3	3.1622775553254225
1.08	3.1622776601683795	7.046244614983118e-36	-10.715373971076618	0.05	3.162277369147577
0.92	5.623413251903491	0.39013309577593236	-5.275118803872004	0.3065	12.50682875738516
1.0	10.0	0.46942623398762434	-2.5363019775768145	0.3	4.2702350733956145
0.92	0.1	0.46275642631951563	-9.607700729816493	0.2	0.10638234444286647
1.0	0.1	0.060332482239090164	-8.394114891712215	0.3	0.10000085535099912
1.08	0.1	2.343969422958024e-35	-9.127990260953336	0.05	0.09999999293903925
0.92	0.17782794100389226	0.5981040045018335	-8.090066479471364	0.3	0.19052901513592826
1.0	0.17782794100389226	0.213256590169861	-9.687694892848423	0.15	0.17782940408427533
1.08	0.17782794100389226	1.545779087491707e-35	-9.707378622601711	0.05	0.17782792935201105
0.92	0.31622776601683794	0.6941346204881325	-6.091527569290241	0.4	0.34002844201108307
1.0	0.31622776601683794	0.31305956955028497	-7.05887090011321	0.4	0.3162277707094601
1.08	0.31622776601683794	0.13728356217645815	-9.142296319030141	0.15	0.32217148722979366
0.92	0.5623413251903491	0.6496469541743987	-4.98286106607286	0.4	0.603777311107192
1.0	0.5623413251903491	0.35539245014874304	-7.070761426400786	0.4263	0.5669146309666364
1.08	0.5623413251903491	9.393232572710607e-19	-9.710360941247625	0.05	0.5623413450922593
0.92	1.0	0.5321118881733505	-4.482204352217717	0.55	1.0275102363956397
1.0	1.0	0.3563141858862884	-8.037126911396232	0.35	0.35621386353540785
1.08	1.0	0.2565562308678537	-6.125547093013634	0.35285	0.9498478835881349
0.92	1.7782794100389228	0.6442568964038323	-2.871704561404913	0.58355	1.9155481470368074
1.0	1.7782794100389228	0.33339234335623	-6.093858669593699	0.3	1.3769398517791014
1.08	1.7782794100389228	0.20444167283800907	-4.0913151326416015	0.38655	1.7309445127116097
0.92	3.1622776601683795	0.49003378038649076	-3.064679920139952	0.72695	3.3573187290974755
1.0	3.1622776601683795	0.4440682714767069	-0.6163672138472761	0.3027	1.7525744271982786
1.08	3.1622776601683795	0.3451367791912532	-4.680472217019646	0.3772	2.5579599630999352
0.92	0.1	0.6495601083318921	-7.662110277626868	0.35	0.10736146105874841
1.0	0.1	0.009280501908127715	-8.586277487619979	0.3	0.10000113984689837
1.08	0.1	2.331185332959678e-33	-8.890857128433932	0.05	0.09999999327417859
0.92	0.17782794100389226	0.5981040044544899	-7.650084431379622	0.3	0.1905290145926923
1.0	0.17782794100389226	0.21107045158421794	-10.232245824686638	0.15	0.17782794506348976
1.08	0.17782794100389226	2.4367780996243584e-39	-10.31193390740447	0.05	0.17782588539845554
0.92	0.31622776601683794	0.19903707070987747	-9.903145753068243	0.15	0.3265824120220534
1.0	0.31622776601683794	0.07792855258438182	-8.142184711671039	0.3	0.31622776015379905
1.08	0.31622776601683794	0.03982064386867983	-9.437465594170511	0.145	0.3130899353944817
0.92	0.5623413251903491	0.5629410476155517	-4.211688677215021	0.50505	0.606532869414378
1.0	0.5623413251903491	0.2824203488588065	-7.075824331737552	0.35	0.5623413082880035
1.08	0.5623413251903491	2.5194947168097222e-18	-10.022212116825134	0.05	0.5623412821236842
0.92	1.0	0.4868166747195851	-6.559510072411042	0.35	1.0642371517091267
1.0	1.0	0.15907567836944742	-7.633051340692502	0.3	0.9999999792351097
1.08	1.0	0.20237071190081332	-7.383125383963235	0.25	0.997349686566972
0.92	1.7782794100389228	0.5790171353573436	-3.9697090439254703	0.45	1.1727569374086289
1.0	1.7782794100389228	0.0023379966630190188	-11.031012571524327	0.1	1.7782619331043759
1.08	1.7782794100389228	0.3204058771089981	-4.900552404664329	0.4777	1.6289952496305278
0.92	3.1622776601683795	0.712208413889035	-3.24035814075211	0.6	2.054540220203748
1.0	3.1622776601683795	0.48826474549105514	-3.7472126486669963	0.55	2.7933453780498354
1.08	3.1622776601683795	9.913347731492525e-40	-9.871430089504187	0.05	3.1623140207551343
0.92	5.623413251903491	0.4451698367945618	-3.8613547041435536	0.3	3.009815182850777
1.0	5.623413251903491	0.010250503234558346	-7.880537738554301	0.35	5.623412942584472
1.08	5.623413251903491	1.4934086214192165e-37	-9.497287424514958	0.05	5.623413372538648
1.0	10.0	0.0003298861625281853	-10.403267067943888	0.15	9.999999237639742
1.08	10.0	3.064187510977105e-39	-10.161596619490446	0.05	9.999885040134227
0.92	0.1	0.4627564263195157	-9.207387009976282	0.2	0.10638234421915166
1.0	0.1	0.2267847436445733	-10.444479187280061	0.15	0.10000082457274827
1.08	0.1	7.669789972381996e-40	-10.474140621109168	0.05	0.10000116045655269
0.92	0.17782794100389226	0.6941346394102359	-6.79562096435635	0.4	0.19121203071246184
1.0	0.17782794100389226	0.43278750153160256	-7.681113825243672	0.3	0.1778279453494566
1.08	0.17782794100389226	5.4585671709847e-33	-9.727879261529646	0.05	0.1778279474382841
0.92	0.31622776601683794	0.4641969440485984	-7.6266636172616815	0.3	0.33648808098169736
1.0	0.31622776601683794	0.2118590628543517	-8.962382773842489	0.2	0.31622777529744617
1.08	0.31622776601683794	9.054207650418529e-32	-9.026550246174526	0.05	0.3162277398546521
0.92	0.5623413251903491	0.5996903007325934	-6.686353140374505	0.35	0.6026627689568541
1.0	0.5623413251903491	0.48548598353885947	-7.150182798593161	0.31684999999999997	0.5623401753452305
1.08	0.5623413251903491	0.17673347178970894	-10.283142671783063	0.2	0.5590514181166086
0.92	1.0	0.6029628144430411	-4.008945161226801	0.55	1.07347961581895
1.0	1.0	0.35013904022636966	-5.064004659106398	0.40940000000000004	1.0160995999154336
1.08	1.0	0.05349045536656507	-8.132664528369398	0.1897	0.9781567379583265
0.92	1.7782794100389228	0.5197550707568741	-2.9253188604322653	0.65	1.893329993615193
1.0	1.7782794100389228	0.5373643376266647	-4.376742548082733	0.55	1.628951458655979
1.08	1.7782794100389228	0.2995406768678369	-5.495312693647864	0.3	1.6160930489811702
0.92	3.1622776601683795	0.5706730457636991	-6.130825510571393	0.55	2.4318692726883935
1.0	3.1622776601683795	0.37223171915805314	-4.566979013851929	0.45	2.836597116514346
1.08	3.1622776601683795	1.040561973707853e-35	-10.69421917906455	0.05	3.1622774478592612
1.08	5.623413251903491	0.43192679218599567	-3.8742444463051613	0.6	3.2330882007324675
