"Z"	"vertebrates"	"diversity"	"stability"	"richness"	"biomass"
0.001	true	0.5372435733446785	-4.452858308131874	0.25	1.0416612881096519
0.01	true	0.21288198096988734	-7.18813737631277	0.27885	0.4469697633351014
0.1	true	0.3505885070073305	-8.744939528952262	0.2	1.0285090743143495
1.0	true	0.4627564263194113	-7.036941541287244	0.2	1.0389550488149164
10.0	true	0.4224489783157167	-1.332335593042491	0.3	1.029580889613269
1000.0	true	0.6552298717120996	-1.4906064813088136	0.35	1.0447715495221255
0.001	false	0.329507009123079	-5.416757154333736	0.35	1.0435636920292084
0.01	false	0.5453076741437513	-4.25240408412914	0.55	1.0425435047461427
0.1	false	0.613307382019859	-4.8519291425563775	0.5	1.044330396234525
1.0	false	0.5344932519707801	-6.341718799669479	0.35	1.041654605484584
10.0	false	0.6303180811386465	-3.8799747962309623	0.5	1.0443575879314217
100.0	false	0.42915694264302223	-5.835780152534835	0.3	0.8188268803222472
1000.0	false	0.5634773499889864	-4.54136603816202	0.55	1.042361485761552
0.001	true	0.530519763685611	-2.2863847185140758	0.35	1.0397850808214146
0.01	true	0.48232301674035555	-0.0025013548688125843	0.25	1.037878368196326
1.0	true	0.4566705070616491	-4.348249966886503	0.25	1.037873381193349
10.0	true	0.6548338264875847	-1.455948964810725	0.35	1.0447715517991432
100.0	true	0.4448599401656373	-1.0351242590485181	0.3	1.0357480496278484
1000.0	true	0.41376906052711215	-1.5643942082592672	0.35	0.9796246963311339
0.001	false	0.7681425643188817	-3.7030396320384242	0.5	1.0471013983570452
0.01	false	0.6473715697357076	-3.953953641563671	0.55	1.0449395381026743
0.1	false	0.4253875840509364	-4.8568904515007905	0.5	1.0337241695386918
1.0	false	0.6308447229950541	-5.800190226013312	0.4	1.0442623373285576
10.0	false	0.6805145446266313	-2.627627447940552	0.66695	1.0456736319723334
100.0	false	0.48468612711188247	-4.747297297939204	0.4	0.8087311807085416
1000.0	false	0.5924077986094625	-5.440238569088211	0.5	1.043279688855705
0.001	true	0.536091033110071	-5.2356788272571375	0.35	1.0413414977292264
0.01	true	0.5360844893707453	-3.797850492752211	0.3	1.0413407705075521
1.0	true	0.7001521916015752	-2.0912746784547163	0.4	1.0457473497251049
10.0	true	0.4367661177063468	-1.1562053655097198	0.35	1.0196510644785723
100.0	true	0.5372435735652805	-6.592344105235824	0.25	1.0416612860700398
1000.0	true	0.6495607565944084	-3.01134922504692	0.35	1.0447715484798883
0.001	false	0.38377656920773867	-6.7586123888150995	0.3	1.033291051565106
0.01	false	0.6456639966546336	-3.7042697200652297	0.5133	1.044778779118701
0.1	false	0.5511353107458014	-6.1069271898552335	0.4	1.0339854385493308
1.0	false	0.55749601866231	-4.402100804334998	0.5	1.0422992827428335
10.0	false	0.39755108656659205	-6.068525701675511	0.35895	1.0324479408671554
100.0	false	0.5861017301267119	-5.665655130959513	0.34845000000000004	1.0431121669322534
1000.0	false	0.5096330627628946	-7.5813214958542705	0.35	1.0405823020210534
0.001	true	0.6996060330466821	-0.4234946979465331	0.4	1.0457470942299545
0.01	true	0.5360844224762679	-3.4225667820560908	0.3	1.0413414797636522
0.1	true	0.37434130495878937	-2.1489076512607754	0.3	0.8492998243318062
1.0	true	0.4391590118902643	-1.5497978703596706	0.4	1.0185072077242388
10.0	true	0.6495607478425415	-2.976181376843136	0.35	1.0447715487818905
100.0	true	0.6030322859436781	-4.828195894579621	0.30975	1.0434733378573673
1000.0	true	0.2185265001565241	-5.278347531015633	0.15	0.6278408911070713
0.001	false	0.3685642674376161	-5.642383004278278	0.40105	1.0330941164208076
0.01	false	0.6339142324341654	-2.6928992044712015	0.65	1.044635006317413
0.1	false	0.6034650126500363	-2.6924187760626994	0.62065	1.044936283413678
1.0	false	0.4794861324858089	-4.451347950334187	0.46855	1.0365630041469245
10.0	false	0.597377546133378	-4.928484958269171	0.45	1.043618303615694
100.0	false	0.6717138530887872	-4.95801298216728	0.6	1.069760199011171
1000.0	false	0.5431355909422678	-4.599048831517219	0.5081	1.0424783503825497
0.001	true	0.4451245858550163	-1.4542649361098523	0.3899	1.0357443202515297
0.01	true	0.5981040017008363	-4.618907968191364	0.3	1.0434733392221471
0.1	true	0.7444873723121186	-2.7086502008503857	0.45	1.0465060785856235
1.0	true	0.6941294229561483	-3.5456193591511513	0.4	1.0457471402804022
10.0	true	0.6495607561379186	-2.699099485059925	0.35	1.0447715507838227
100.0	true	0.5372434889373536	-5.935679413913364	0.25	1.0416612827139486
1000.0	true	0.6495607533618978	-4.504965617333985	0.35	1.0447715482314706
0.001	false	0.46275642597292066	-7.968055841634711	0.2	1.0389550483002103
0.01	false	0.3639426265819379	-6.8282937760752445	0.4	1.031494262494419
0.1	false	0.6696239311198626	-3.072449145089574	0.65945	1.0662597923039476
1.0	false	0.5998899489653118	-6.381151818500448	0.35	1.0631603970537933
10.0	false	0.559670825906484	-5.87656390520681	0.4	1.063662711996679
100.0	false	0.49402122373794316	-6.369465351755187	0.35	0.49018253582135435
1000.0	false	0.5977080951444098	-5.122667093807266	0.4986	1.0436010952711803
0.001	true	0.5981593322892647	-5.340628656652909	0.35	1.0434347026278135
0.01	true	0.44432336675433715	-5.067012803376104	0.25	1.035748372999056
0.1	true	0.29587190773129574	-0.8293284015272826	0.25	1.0210914005845226
1.0	true	0.6551270897837173	-2.8075023934743504	0.35	1.0447715050581163
10.0	true	0.3071596616916938	-1.8641271036503728	0.35	1.0157228939843133
100.0	true	0.5433425960523204	-2.1312254874481535	0.3	1.0378677091883732
1000.0	true	0.6495607067415765	-3.3314433504474517	0.35	1.0447715464126541
0.001	false	0.49355623679184246	-3.4226484482609747	0.51375	1.039199631940654
0.01	false	0.43886962156033527	-3.51760323173813	0.5	1.0161492792639584
0.1	false	0.32161751282613377	-6.618824387635503	0.4	1.0272473007916698
1.0	false	0.5349461385231177	-4.715409243807108	0.45	1.056221093991539
10.0	false	0.6078130394381454	-5.912835593409193	0.35	1.0667043884401435
100.0	false	0.49498578947558663	-4.763421250901945	0.5	1.040684430687036
1000.0	false	0.559370734412639	-5.364299261880015	0.5	1.05201535998789
0.001	true	0.5999467735329764	-4.535269093823034	0.35	1.0413387934849703
0.01	true	0.7383561881993798	-0.49115881942919976	0.45	1.0464907657298652
0.1	true	0.4450865795648528	-5.715198039572892	0.3	1.0353201776858514
1.0	true	0.3667705109028461	-7.332615381442038	0.15	1.0344758725171492
10.0	true	0.5981039362574555	-3.6678369724321227	0.3129	1.043473332015526
100.0	true	0.23761323012008004	-1.1828315945052443	0.2	0.8476574486467537
1000.0	true	0.5302643918521208	-6.784929988972681	0.3	1.0397678320283794
0.001	false	0.42274729627511776	-6.029022351887422	0.36065	1.0329008880348454
0.01	false	0.6495607179642056	-3.5751766954799082	0.44349999999999995	1.0447715500950114
0.1	false	0.5020018126428221	-5.671366043010664	0.40075000000000005	1.0565828793112038
1.0	false	0.5156883133512381	-7.250490440666292	0.3	1.0407747919932344
10.0	false	0.5096095714537046	-6.653985498609454	0.35	1.0405774206538123
100.0	false	0.502696980360456	-5.238672684736025	0.45	1.0393336990907824
1000.0	false	0.6887242143577454	-3.6353728052705394	0.5	1.0458233482148835
0.001	true	0.6943396271448112	-2.2112952393789	0.4	1.0457473276221927
0.01	true	0.26056215252359766	-6.99626066816347	0.2	0.9420109184858476
0.1	true	0.6495604649933827	-3.467111288806529	0.35	1.0447715374803563
1.0	true	0.6097428655384749	-4.239311505179919	0.35	1.0434344199224952
10.0	true	0.6495604566013264	-2.362304917175832	0.35	1.0447715368286274
100.0	true	0.43535939631516934	-3.836276495649217	0.4	1.0199110355165275
1000.0	true	0.49237612476961584	-1.6903757976839198	0.35	1.035315103279536
0.001	false	0.564817915527563	-4.989038752803251	0.42415	1.042384689561076
0.01	false	0.5639235678884114	-4.366100837629872	0.5942000000000001	1.060420758052866
0.1	false	0.36480636061575045	-7.608898172081185	0.3	0.7564723822354078
1.0	false	0.5035577517055986	-5.539726441630138	0.4095	1.05434959080381
10.0	false	0.7093976829291792	-2.3182305592973096	0.65	1.0570158531861549
100.0	false	0.4018366643841651	-5.3214515853750965	0.5	1.0464138249457542
1000.0	false	0.6792274189238087	-3.236720689379736	0.6309	1.0455951945895066
0.001	true	0.6552637383542765	-3.194473502233291	0.35	1.0447715474626524
0.01	true	0.38779850267288596	-1.859655349598405	0.45	1.0281376466006473
0.1	true	0.6219557551033328	-0.593024437188486	0.25	1.0378806671687713
1.0	true	0.18015742096962287	-3.6676700615372964	0.25	0.6507783675327106
10.0	true	0.36707065812081413	-8.229347620361217	0.2	1.034327937133697
100.0	true	0.44432838268407493	-3.3646393711047	0.25	1.0357480064440285
1000.0	true	0.598176934387586	-5.842972067332331	0.3	1.0434733356579657
0.001	false	0.47169192457437326	-4.422120276163283	0.55	1.0387008900128
0.01	false	0.6892023654059711	-4.495745336220404	0.6	1.0631160513436246
0.1	false	0.49692834007105774	-5.768445406485592	0.4542	1.0401729371143744
1.0	false	0.34165067818374745	-7.464012074789042	0.25	0.6269314077286359
10.0	false	0.5852690706237242	-6.287626467430188	0.45	1.0430464285078698
100.0	false	0.6556694989899945	-2.9081963720254556	0.6	1.0569217009658427
1000.0	false	0.4171011488450855	-4.447541994053064	0.37715	1.0066920386813372
0.001	true	0.64965128302689	-4.555266419525159	0.35	1.044771549377054
0.01	true	0.5372435733700346	-7.347770551824965	0.25	1.04166128590335
0.1	true	0.5981040021551708	-3.4872688521863204	0.3	1.0434733362299562
1.0	true	0.6036357002594294	-2.4304748022143157	0.35	1.043435879208462
10.0	true	0.655524072144788	-3.562234257604127	0.35	1.0447715499341292
1000.0	true	0.5982090935108066	-4.817903898789175	0.35	1.0433889884456904
0.001	false	0.4816680403290959	-5.092977836897078	0.35	1.062380164299632
0.01	false	0.43582626034420907	-6.2761466162299	0.4	1.0360901439295402
0.1	false	0.5148425963344404	-5.743762987332746	0.3	0.6934844319925377
1.0	false	0.49274919843524867	-5.423612069964586	0.45	1.0580558497738226
10.0	false	0.5411307371377567	-4.09812605399761	0.45	1.0010652018076462
100.0	false	0.5357265087924835	-6.959451550734256	0.35	1.0418416034536904
1000.0	false	0.6412870848319842	-4.5322594691044085	0.4	1.0445632823808773
0.001	true	0.6045928531766275	-4.794268208276945	0.4	1.0433774153820095
0.01	true	0.47949630243171465	-1.7725633303176882	0.45	1.019927404967582
0.1	true	0.6495605391913334	-2.7247210116295415	0.35	1.0447715385646572
10.0	true	0.6495605931880737	-5.716920425728204	0.35	1.044771541546482
100.0	true	0.6047137876547867	-3.825836009679769	0.4178	1.0432861801646853
1000.0	true	0.598104003264175	-3.4551043636583314	0.3	1.043473338987373
0.001	false	0.3608511545038381	-6.773290148121859	0.37515	0.8672372583164861
0.01	false	0.6889426145761195	-5.212751363041529	0.44595	1.0457829389970996
0.1	false	0.337406155333505	-7.28042677437576	0.2	0.8800174041973101
1.0	false	0.4152685213961789	-6.5236941112925235	0.4	0.8774221957019027
10.0	false	0.4614695800698334	-7.324573162583713	0.3	0.6387067625002
100.0	false	0.43685450270726456	-5.980977980761927	0.43685	1.0359799124202698
1000.0	false	0.4402680170325074	-4.710963883021793	0.4	0.883365210933881
0.001	true	0.6941345984734582	-2.1539890515534266	0.4	1.045747350279133
0.01	true	0.65588617791364	-3.4916147909305004	0.35	1.0447715518145677
0.1	true	0.5981580872882463	-4.676815785959756	0.38079999999999997	1.043435266164317
1.0	true	0.5625253301672111	-4.73958681846528	0.3	1.0413394228120605
10.0	true	0.34148045408184896	-0.7291037192560562	0.3	1.0281516229957257
100.0	true	0.5981039816815725	-3.4458182156396644	0.3	1.0434733379995067
1000.0	true	0.5454459456585992	-1.7076786910859283	0.45	1.021358903532748
0.001	false	0.5655129711548409	-4.422828317085894	0.5671	1.0578097372752318
0.01	false	0.4882108654132597	-5.5640930566782885	0.45	1.0402138578495874
0.1	false	0.6789388965837295	-3.925737004117765	0.6	1.0689261887873414
1.0	false	0.4677483738992231	-5.91343369099202	0.3	1.0547525558845647
10.0	false	0.4915966894725582	-4.218320132144843	0.51125	1.0541036794287229
100.0	false	0.5091610131951305	-4.249162166017135	0.4974	1.0399112412260008
1000.0	false	0.4131073202041317	-6.3490506892220235	0.4	1.0369856853714774
0.001	true	0.6495603018110608	-1.8150195590659841	0.35	1.044771529674896
0.01	true	0.6496060259448831	-1.7767507536545106	0.35	1.044771550341118
0.1	true	0.5608964772442955	-5.4759810842683105	0.3	1.041361483101303
1.0	true	0.5981039940475615	-5.1185667279666776	0.3	1.0434733346551612
10.0	true	0.5982604654850274	-1.8307525190066571	0.33945	1.0434732969444198
100.0	true	0.6941345907335549	-2.907528320155954	0.4	1.0457473484985964
1000.0	true	0.5302647983769694	-4.844853068318162	0.3	1.0397677941406003
0.001	false	0.548596870950508	-4.1037765625279645	0.4	1.0411193002280685
0.01	false	0.5342164439068067	-4.388609410202765	0.6	0.9454352513299571
0.1	false	0.5979377155852332	-5.9458244266460705	0.4	1.0435330926297979
1.0	false	0.4416639822996758	-7.012914438824758	0.35	1.0515422810644
10.0	false	0.4598081267329897	-6.03228084558871	0.42145	1.0383616568910592
100.0	false	0.5766730715380631	-5.066242846710063	0.5	1.029173434919906
1000.0	false	0.5979187279981769	-5.230961058358099	0.3	1.0434636486098026
0.001	true	0.49399785603457474	-0.92238744019159	0.55025	0.6321023263435027
0.01	true	0.4183424090121094	-1.8054006889982646	0.4	1.0295754592092898
0.1	true	0.5867744246595993	-0.6402989647411517	0.3	1.039766535636448
1.0	true	0.6941345835185373	-3.95099614015628	0.4	1.0457473490243046
100.0	true	0.5237229326893189	-2.393990598435607	0.4	1.03673990893482
1000.0	true	0.6635759332030496	-3.9851467798946842	0.35	1.0447715475679713
0.001	false	0.6189837003221074	-5.117543275460362	0.45	1.0624989028871612
0.01	false	0.5450895538717793	-4.887188710629642	0.5	1.0584471099732808
0.1	false	0.4539978855262525	-6.437261543823659	0.4	1.0428313964271583
1.0	false	0.49665215824360026	-6.505268084967672	0.45	1.052937120902509
10.0	false	0.6153901345221654	-3.10315848487038	0.7	1.066282944667624
100.0	false	0.5161560977075289	-6.70862967494102	0.34665	1.0407486373145514
1000.0	false	0.5694324383281271	-5.8628423697144765	0.45	1.0438340053001736
0.001	true	0.7394922492882943	-2.329101645908309	0.45	1.04650757721622
0.01	true	0.6941281704797277	-3.6617262440363367	0.4	1.0457470889802676
0.1	true	0.600495700530784	-4.2243221598355944	0.45	1.0432856328353333
1.0	true	0.5372445753297995	-7.381411563739071	0.3	1.0416610876978354
10.0	true	0.5360823029007622	-4.356301443455818	0.3	1.0413412707521392
100.0	true	0.694165403578414	-1.8781589107393621	0.4	1.0457471247443555
1000.0	true	0.7334513485095011	-3.0760246207436435	0.45	1.0465075775877974
0.001	false	0.49643004175936084	-5.137516220761163	0.53355	1.0406517807792555
0.01	false	0.570551657919935	-5.13478202139604	0.3551	1.0426189189567505
0.1	false	0.5978270807839506	-6.939129858676625	0.35645	1.0435301501102971
1.0	false	0.5843150208676623	-5.27180529901484	0.46950000000000003	1.0430458723579443
10.0	false	0.3457832498967991	-6.182421574139364	0.45	1.0278735584766263
100.0	false	0.40900125426337275	-6.820081021504106	0.4	1.036213123558953
1000.0	false	0.5140254693828995	-3.7259951178089947	0.4	1.0629251093521213
0.001	true	0.5373933175349702	-4.376327757384969	0.25	1.0416612851218203
0.01	true	0.4178689643944817	-1.2217424957890208	0.25	1.0295752362588015
0.1	true	0.6574290832914425	-8.007891573361269	0.32330000000000003	1.0408260123210378
1.0	true	0.59750301208195	-9.673829740192973	0.3	1.041349027765239
10.0	true	0.5360475642184964	-6.767628859454561	0.3	1.0413391780228232
100.0	true	0.426393652762143	-0.021801362422515687	0.45	1.0295823867679117
1000.0	true	0.5372435717855787	-4.674583232006012	0.25	1.0416612901157323
0.001	false	0.34399375286877637	-7.567711889988928	0.3	1.033265877039041
0.01	false	0.6168803494328767	-4.662195563698267	0.45	1.0438299213620625
0.1	false	0.4342421779849556	-6.552175211351617	0.35	1.0359860076818725
1.0	false	0.5105952320341065	-4.580279398932975	0.4939	1.0409798712762859
10.0	false	0.4669439277886196	-5.574750091615499	0.35	1.0579217130944372
100.0	false	0.5718800614190408	-3.482807873552538	0.6	1.057222439615227
1000.0	false	0.6342865456839523	-5.011811368048057	0.46375	1.0445470460640758
0.001	true	0.6941585770789315	-3.210127697928209	0.4	1.0457473419674652
0.01	true	0.5778213878959186	-6.659706337999966	0.3362	1.041466040678693
0.1	true	0.6074490299361921	-3.3712017908714764	0.45	1.0433742472766872
1.0	true	0.5715239939949657	-4.172520428510717	0.38325	1.0409357822508163
10.0	true	0.5988570375495745	-1.8437344928664356	0.45	1.042539004459307
100.0	true	0.5981035760468681	-5.283566613048874	0.3	1.0434733158714025
1000.0	true	0.6028827483796351	-3.22792670478013	0.3	1.0434733382328603
0.001	false	0.6495605289232518	-5.674176376863143	0.4	1.0447715378614886
0.01	false	0.6878672171526303	-4.045277911694887	0.5	1.0457471360641755
0.1	false	0.567685820453759	-4.9550956246596245	0.4768	1.042804506182385
1.0	false	0.5464518673247633	-3.8540407560844914	0.53245	1.0419480434290909
10.0	false	0.43380944306071983	-6.170324890159637	0.35	0.7419354633449762
100.0	false	0.4860326146214582	-6.76770853518735	0.3	1.039258831415589
1000.0	false	0.6459648204673208	-3.941941351220599	0.45	1.044890989762376
0.001	true	0.6495606371825279	-1.8206892260341472	0.35	1.044771545203537
0.01	true	0.5983343137001876	-2.842484543017597	0.3635	1.0434094375826575
0.1	true	0.3670496677635813	-7.86859713115368	0.2	1.0343243266285183
1.0	true	0.6495607555168081	-2.4558256565318612	0.35	1.0447715492485241
10.0	true	0.5427714414982754	-6.51244820333694	0.25	1.0416612850816256
100.0	true	0.6941588144146171	-3.3187032613474394	0.4	1.0457473539295576
1000.0	true	0.6941333485137923	-1.616062834086782	0.4	1.0457473016750862
0.001	false	0.5621440040212997	-4.214180117609937	0.55	1.042892579349148
0.01	false	0.48614038391979325	-6.432986815610386	0.3	1.0392641685185895
0.1	false	0.4721240679407426	-5.250376292837828	0.45	1.0517889046754503
1.0	false	0.5335736299838325	-6.309898552170928	0.32525	1.0421201305240926
10.0	false	0.5137100349282718	-5.849760831860745	0.35	1.04103560120807
100.0	false	0.5326469442450996	-4.652786849940456	0.54945	1.041052058980998
1000.0	false	0.7028508398164836	-4.8963825054618315	0.55	1.0698389114658664
0.001	true	0.5399670455241732	-2.198925974311435	0.4	1.0397753536947865
0.1	true	0.649560763887819	-2.6563306163872187	0.35	1.0447715531720694
1.0	true	0.5981574133544494	-4.210636519150372	0.35	1.043434875899921
10.0	true	0.5978562096128862	-4.540347628983751	0.3	1.0434529921370834
100.0	true	0.6941340936248066	-2.158518289405155	0.4	1.0457473315404782
1000.0	true	0.6496399046384347	-4.65899011517593	0.35	1.0447715496700114
0.001	false	0.3918944019796187	-7.150377328965559	0.3	1.0357360102833923
0.01	false	0.5425251479042077	-4.887542466632887	0.5	1.0476410532604337
0.1	false	0.49819631275451626	-5.629360847457501	0.4	1.0402268118174507
1.0	false	0.6905306596719585	-1.618743733255171	0.7837500000000001	1.0463974760642185
10.0	false	0.4280914339703964	-8.26496155655562	0.3	1.0370028041835258
100.0	false	0.613805725283411	-4.97875410379284	0.5402	1.043899837786947
1000.0	false	0.5132328349680503	-6.423480314014259	0.3	1.0407428268340162
0.001	true	0.5981016576824753	-3.6863777877937074	0.3	1.043473208600925
0.01	true	0.6496399673996118	-1.5039650111547862	0.35	1.0447715511422377
1.0	true	0.5360589868764721	-2.621460227055603	0.4	1.039767304650139
10.0	true	0.598608801764801	-3.5817142576108765	0.35	1.0434427350024178
100.0	true	0.5982498659209681	-2.545950823736809	0.3	1.0434733388953603
1000.0	true	0.649560633084783	-2.8890118756589658	0.35	1.044771545775952
0.001	false	0.5189731334442761	-3.0028300560129075	0.40465	1.0630484879050535
0.01	false	0.6079801547496614	-3.7914236935706667	0.5841000000000001	0.7282713839947653
0.1	false	0.5840962245720952	-5.342067252666643	0.4	1.0431206881825132
1.0	false	0.1778912346624982	-7.62979947379065	0.35	1.0155595351567333
10.0	false	0.48774927745639224	-6.912617869546418	0.25	0.8238363108667429
100.0	false	0.44172609524989387	-5.503606601227373	0.3	0.7186752041434449
1000.0	false	0.564271100256379	-3.9714798069535378	0.5075999999999999	1.065565236576907
0.001	true	0.4562613390479532	-1.2127577650573196	0.3	1.0378864946313973
0.01	true	0.5982177843923951	-5.3336576947428265	0.4	1.043394382736329
0.1	true	0.5568273035997795	-1.591926263812578	0.25	1.0416612906118312
10.0	true	0.738750172782717	-2.340599195333584	0.45	1.0465069807046397
100.0	true	0.7405543627293549	-2.8698756638513356	0.45	1.0465075371954704
1000.0	true	0.5374797742263587	-5.531592442383646	0.3	1.0413393644535465
0.001	false	0.5725184323575735	-5.129188573027551	0.5	1.0674660460058363
0.01	false	0.5676291536056274	-4.2293583462766815	0.61755	1.0570978481972957
0.1	false	0.6417999095165031	-3.8553480443457966	0.5	1.0448457804548996
1.0	false	0.5260670239548847	-4.086131755825777	0.6	1.0484442153402254
10.0	false	0.42683879883688136	-4.939720672180206	0.55	1.037344773211651
100.0	false	0.37325838653050136	-8.049127908863422	0.2	0.4843774684060557
1000.0	false	0.5437136913513138	-4.84756812397009	0.45	1.0505380460513214
0.001	true	0.5341845169183786	-2.4900921236756286	0.35	1.0408128881917484
0.01	true	0.6541773747523046	-1.7809052659956095	0.35	1.0447715171183019
0.1	true	0.5409403297947982	-10.404329158137775	0.25	1.0378632510878787
1.0	true	0.5426156373147952	-5.18121191555964	0.25	1.0416612897993578
10.0	true	0.5981039992501319	-3.0191020895950422	0.3	1.043473336690879
100.0	true	0.655648319329192	-2.8907072458416847	0.35	1.044771540339662
1000.0	true	0.649628647149521	-4.354357763171335	0.35	1.0447715497917047
0.001	false	0.5347140665446903	-5.215940684861657	0.5	1.0426760284211798
0.01	false	0.6879498226503591	-5.220876434583088	0.45744999999999997	1.0457741348680165
0.1	false	0.5597863846641726	-5.511696767330124	0.42715	1.042542858587997
1.0	false	0.509798056965626	-5.59598951716415	0.55	1.0414542884652296
10.0	false	0.6357769381420249	-4.888431298788412	0.44485	1.0445409875751366
100.0	false	0.6309234996653946	-4.491115527126441	0.4	1.0442669748434712
1000.0	false	0.5670785141173726	-5.1761253475229765	0.4	1.0426328510091982
0.001	true	0.6039435801745935	-2.391048628324943	0.3	1.043473335944666
0.01	true	0.6495607040755694	-3.157104821698063	0.35	1.0447715467257233
0.1	true	0.5978373620550217	-8.318763103625415	0.3	1.0413545177096972
1.0	true	0.3678464205112478	-3.3616619664418685	0.3205	0.8735245419392091
10.0	true	0.5981583359188392	-3.9827527121456554	0.3603	1.043434832248263
1000.0	true	0.6495607609639447	-5.117812680800826	0.35	1.0447715497163488
0.001	false	0.3847175488841033	-4.529339978629309	0.25	1.0484400341785287
0.01	false	0.6282688246409206	-4.254799174984731	0.55	1.0447770186600192
0.1	false	0.6057967983680297	-3.1432536457883025	0.55	0.9864451005188325
1.0	false	0.6291018982484468	-4.287045994224799	0.43505000000000005	1.0459408102632404
10.0	false	0.5697308520764702	-5.52858426039152	0.42984999999999995	0.8895445371433494
100.0	false	0.37295186471459957	-7.999909247497444	0.2	0.48268241411530105
1000.0	false	0.5967756428159176	-4.225728222806152	0.5016499999999999	1.0437562392147095
0.01	true	0.6496059504513249	-4.223576880486322	0.35	1.0447715466509655
0.1	true	0.5536604945512125	-4.118933311962092	0.45	1.040824229140966
10.0	true	0.5425969193692934	-6.468610740246854	0.25	1.041661286772616
100.0	true	0.4086251170816786	-2.9048033768048036	0.5	0.9955426339033758
1000.0	true	0.6495607433787306	-4.247088033651427	0.35	1.0447715489592337
0.001	false	0.5067496574622774	-5.496317583480675	0.48855000000000004	1.0537400895604037
0.01	false	0.6922154280173758	-3.7170230621352935	0.6048	1.0673486153601712
0.1	false	0.4076501195723643	-5.606141260931476	0.5	1.036215478644501
1.0	false	0.5427741215646534	-4.177459913492871	0.55	1.0412972335611217
10.0	false	0.5498885347536545	-3.9029861260160237	0.5606	1.0496951232390712
100.0	false	0.6941124151242267	-4.084266283331147	0.4404	1.0457464515852268
1000.0	false	0.6413015180088713	-5.948804479732045	0.4	1.044569975659719
0.001	true	0.45616264187229255	-1.1728346746685752	0.25	1.0378747877676797
0.01	true	0.603105217458197	-5.835046362338216	0.3	1.043473334959665
0.1	true	0.34426703656007046	-3.114021224081821	0.2	1.0310347935454458
1.0	true	0.47165511017913936	-2.342739510076262	0.55	1.0211260785294283
10.0	true	0.6512009435919865	-2.879518885239396	0.35	1.0447715219783609
100.0	true	0.5981377500689705	-3.1207243613508546	0.50595	1.043454659248098
1000.0	true	0.5426071438062497	-3.4087947998481867	0.25	1.041661288484311
0.001	false	0.4638420400208845	-6.306389594937723	0.4	1.0363321257652172
0.01	false	0.5297898518316155	-6.669372010645956	0.35	1.0416227320072424
0.1	false	0.46277096905733756	-6.81467098060448	0.24855	1.0389562020781504
1.0	false	0.5819240035370316	-3.136878979069609	0.55	1.043190149249047
10.0	false	0.564624079692603	-3.820579245921415	0.6	1.0426294685841568
100.0	false	0.36129990720070193	-5.785972476875448	0.4	1.031492772204161
1000.0	false	0.5244237826088947	-6.4890966951985405	0.4	1.0437300827751275
0.001	true	0.4587368324512308	-1.2700086825060732	0.25	1.0378707071486348
0.01	true	0.5981458702405812	-4.1568349996135705	0.35	1.0434469708686327
0.1	true	0.6495606347069252	-3.3183706307175562	0.35	1.0447715437101608
1.0	true	0.5981039909190807	-5.095755068645294	0.3	1.0434733343332723
100.0	true	0.3429054930120563	-3.405578956679503	0.25	1.0281581218164295
1000.0	true	0.45617438893846457	-2.0833811779504647	0.25	1.037889302523193
0.001	false	0.6616269440197879	-3.5520404035391615	0.5621	1.0632956676882706
0.01	false	0.514941881603272	-6.555821106667406	0.3103	1.0407671447968463
0.1	false	0.5852291681562942	-5.847470686283233	0.35	1.0430428217796044
1.0	false	0.47496666272359866	-7.08974172218154	0.3	1.0393241560311028
10.0	false	0.5095893361613616	-4.888256305126031	0.35	1.0655441327219628
100.0	false	0.6907469389864684	-3.8764794243246508	0.43324999999999997	1.0457046887176833
1000.0	false	0.5130153713410657	-5.865384599915332	0.3424	1.0407248620601672
0.001	true	0.6495607608694787	-2.971575554739559	0.35	1.0447715509829407
0.01	true	0.4562487740486265	-6.764147230005959	0.25	1.037875124781565
0.1	true	0.6396867078656456	-1.0640489700449796	0.4	1.0397737950676469
1.0	true	0.5568273036245345	-4.693743588441204	0.25	1.0416720436645701
10.0	true	0.23990533109968556	-6.927998315377889	0.2	1.0129068756816773
100.0	true	0.7084139859641129	-0.5966342632082918	0.4	1.0457472153319467
1000.0	true	0.5981039987324845	-4.481994029884502	0.3	1.0434733376869658
0.001	false	0.5655710192907313	-5.654970800176949	0.46495	1.042565515958129
0.01	false	0.3596309302855365	-9.281900093003511	0.2	1.0341157259065035
0.1	false	0.7338144259120545	-2.8282242800647777	0.7	1.0705849539645047
1.0	false	0.48494105199270826	-6.796059872528514	0.35	1.0614327929844878
10.0	false	0.6497041477200225	-4.9829237334187955	0.40135	1.0447904947678166
100.0	false	0.6756250947841147	-3.709864268459681	0.5301	1.055083569242829
1000.0	false	0.2817925202827838	-9.100750699865683	0.2	1.0262840708034524
0.001	true	0.4442286613329261	-1.244246863210869	0.25	1.0281850650481643
0.01	true	0.4641317293529945	-6.227606959979607	0.25	1.0378875681911173
0.1	true	0.6556896914748377	-3.9710381409581954	0.35	1.0447715430791262
1.0	true	0.6558029546385729	-4.283612306286786	0.35	1.0447715499107328
10.0	true	0.6026780366907883	-4.418644838537214	0.306	1.0434733394559348
100.0	true	0.5576623129985527	-4.545914180130751	0.35	1.0408458521927466
1000.0	true	0.4411166040178772	-4.432631990476613	0.65	0.787405270861786
0.001	false	0.5721797320362477	-3.528770111210838	0.6665	1.0440156647531822
0.01	false	0.3902193144937433	-6.468285078041357	0.35	1.0345385294653846
0.1	false	0.5682488805187877	-3.6042578234397262	0.5481	1.0427912876391272
1.0	false	0.5632639948651718	-5.464848168245642	0.45	1.0426696020832085
10.0	false	0.5176755272714233	-7.280568571371887	0.35	0.48500762224990784
100.0	false	0.666664432030247	-1.923115236261528	0.8194000000000001	1.0484068121781887
1000.0	false	0.3765417303668637	-7.006203601593681	0.35	1.039838120717581
0.001	true	0.4628700316306791	-5.303526114020871	0.2	1.0389550449382188
0.01	true	0.3656061328651929	-1.3979978910516337	0.39649999999999996	1.0156713485888649
0.1	true	0.40241783647997287	-2.20729198388124	0.25	1.0310404265773605
1.0	true	0.5452975367381164	-4.285653492086141	0.268	1.041585186303209
10.0	true	0.5981709217457518	-5.37273433763241	0.4	1.0434328731599787
100.0	true	0.41884443161881896	-1.169167708324508	0.3	1.0295876872514376
1000.0	true	0.4553893679544498	-2.668084595259569	0.3	1.0357033454238458
0.001	false	0.689036444750917	-4.745725315470982	0.45	1.045672255282252
0.01	false	0.5250445940061749	-5.695065186802138	0.45	1.0060614066860225
0.1	false	0.6309091669923202	-4.2178242851329815	0.5	1.0442502408214773
1.0	false	0.4514510704940841	-4.827078354376005	0.5453	1.055163856661484
10.0	false	0.4766058583905186	-6.264537173156585	0.38865	1.0396904503297082
100.0	false	0.6226578717763019	-4.07711046404278	0.5938	1.0447788820875608
1000.0	false	0.6283010064053332	-4.058767581909812	0.5	1.0444818337065411
0.001	true	0.6084933608999467	-1.155161118781449	0.3	1.0413513879212188
0.01	true	0.655396656862732	-1.4857531689876171	0.35	1.0447715494084704
0.1	true	0.603501559970419	-4.139005960558933	0.35	1.0434356082820597
1.0	true	0.6026643785629412	-3.1644685406777837	0.35	1.043434718375537
10.0	true	0.5981712254879915	-3.7385974915748976	0.42115	1.0434348296895102
100.0	true	0.5372556449051923	-2.3259344904431254	0.3	1.0408122675104514
1000.0	true	0.5684038838803349	-4.736326255462654	0.3	1.0413503411399678
0.001	false	0.42215445406275665	-6.133124837397668	0.4	1.036900612925825
0.01	false	0.6343254505037303	-3.5258910261042664	0.6	1.0447839979057594
0.1	false	0.5306441306410512	-6.871440215981951	0.29805000000000004	1.0414146828834325
1.0	false	0.5516940232754011	-5.6616954924244025	0.5	1.0635201484573882
10.0	false	0.41598369041888317	-5.9777855519668375	0.5314	1.0456778675451648
100.0	false	0.5669597620865681	-5.447344880132557	0.4	1.0423943768351398
1000.0	false	0.47158919509565866	-6.613059155809249	0.35	1.0145147310494806
0.001	true	0.5981629207894948	-5.155577175514152	0.35	1.0434281635290819
0.01	true	0.649560727515153	-2.6341921762039684	0.35	1.0447715518080927
0.1	true	0.15574961875480545	-2.793841835001383	0.15	1.0112020286311931
1.0	true	0.2959300951205021	-0.5885262462322864	0.25	1.0210850731515786
10.0	true	0.537374599575398	-4.727552926613612	0.25	1.0416612884174088
1000.0	true	0.6556372134395888	-2.3934776849200743	0.35	1.0447715473026125
0.001	false	0.5565349971627265	-5.561257184825131	0.5001	1.0605908112621398
0.01	false	0.38337097750000154	-7.002537490949804	0.3	0.989999649209549
0.1	false	0.6417040103766103	-4.381627521869445	0.45	1.0447024859804699
1.0	false	0.516371994319136	-6.120325162727921	0.4	1.0407574555665264
10.0	false	0.6930322754419155	-3.9021078003793206	0.45	1.0458090889567726
100.0	false	0.59811341052081	-5.807174509276044	0.37370000000000003	1.0434740867621304
1000.0	false	0.4263422169378878	-7.678261904134696	0.25	1.0369459926641929
0.001	true	0.539471219303904	-1.2952488070900452	0.35	1.0408139203779159
0.1	true	0.5770605255052016	-1.5769375096809872	0.3	1.0408106101725725
10.0	true	0.7394044726604422	-1.6799114406724407	0.45	1.046507542566066
100.0	true	0.5327744846154678	-0.09578706912701077	0.25	1.0378772580066946
1000.0	true	0.4562590712724903	-2.196119709687045	0.25	1.0378771307138355
0.001	false	0.5953360143523979	-4.712570638845494	0.45	1.0430689086338476
0.01	false	0.5226800322876821	-5.697656982438386	0.45	1.0424015209706894
0.1	false	0.5962718605342793	-4.695538484510527	0.5791000000000001	1.0430939688174246
1.0	false	0.44858415457517725	-5.0980089100227985	0.33005	1.0506557490131943
10.0	false	0.6157066826206018	-4.574390908931404	0.42605000000000004	1.0438758601552136
100.0	false	0.6203834862833831	-3.6385736200422807	0.55125	1.0442852151340365
1000.0	false	0.6294600718568032	-4.436113138448369	0.45	1.0445254111850917
0.01	true	0.6495607393638744	-2.1086951951071087	0.35	1.044771548369754
0.1	true	0.4635168143710398	-5.208360160763192	0.3	1.0384978865033527
1.0	true	0.5696187868327445	-6.032393971570275	0.35	1.0408207470148816
10.0	true	0.6993337954146509	-2.2718876088885294	0.4	1.0457473334553806
100.0	true	0.5981571936915446	-2.6164507803220975	0.35	1.0434352589299785
1000.0	true	0.6934819027106061	-3.5392255784653606	0.35	1.0447760980862546
0.001	false	0.6125329554287515	-2.962005733785589	0.7	1.0662914025451438
0.1	false	0.3666249388714391	-6.949146472387281	0.35	1.031660799935522
1.0	false	0.6412208703772414	-5.119103510975224	0.47955	1.0450271502435282
10.0	false	0.5922387924609013	-4.27905063718183	0.5	1.0542647710258606
100.0	false	0.5040817402469614	-5.373734732563131	0.4	1.0272050475780334
1000.0	false	0.46130912415972647	-7.5523712656448385	0.37165	1.044874534532235
0.001	true	0.6041802680800871	-4.108891168460136	0.35	1.043434919127772
0.01	true	0.6570882043810771	-2.7038579895156887	0.35	1.0447715447008636
0.1	true	0.4627806105199317	-6.550027821136249	0.2	1.0389550450376899
1.0	true	0.6452618079420004	-9.376804189545968	0.35	1.0434408478480584
10.0	true	0.4627806105206486	-7.423704456112032	0.2	1.038955048288172
100.0	true	0.5340169984425461	-7.122071888804085	0.3	1.0408122975844143
1000.0	true	0.6495607006388597	-3.853028371461864	0.35	1.0447715471975794
0.001	false	0.6158815957896963	-3.7479913039110975	0.55	1.0443259012562915
0.01	false	0.4337885154720342	-5.936342164076831	0.46615	1.0360031737113196
0.1	false	0.40664228636859584	-7.467993746748522	0.3173	0.988895853766467
1.0	false	0.6748030247780145	-2.979502187310225	0.6954	1.0456634548105932
10.0	false	0.5318748970083279	-4.210506001413188	0.55	1.0418943694116722
100.0	false	0.5896788054590038	-4.394188273742586	0.50265	1.0435877486172778
1000.0	false	0.6749618457830178	-3.0092975257445436	0.6	1.0454425455072858
0.001	true	0.6037095378677184	-3.222265134965858	0.3	1.0434733397303964
0.01	true	0.6787801956274493	-2.068785724145621	0.35	1.0447715496963401
0.1	true	0.46275642631942804	-7.924451186170451	0.2	1.0389550470977011
1.0	true	0.7335789708355077	-1.644423758784421	0.45	1.0465075722799069
10.0	true	0.7001651487774295	-2.3292407052330892	0.4	1.0457473378723736
100.0	true	0.5981039916902646	-5.805737417838763	0.3041	1.0434733351125651
1000.0	true	0.6027926366243863	-2.9048526717377388	0.3	1.0434733374242846
0.001	false	0.5097555936389332	-5.729150952502099	0.45	1.0408629103278237
0.01	false	0.4863573781690777	-5.757847053612856	0.4	1.0392857129977346
0.1	false	0.5329779588184457	-4.970039515015686	0.4958	1.0412435948276582
1.0	false	0.5952034472890528	-3.881105262034578	0.4497	1.0440020950358015
10.0	false	0.5472586546716213	-5.497938257292086	0.4434	1.0416729811210665
100.0	false	0.30397469045738446	-7.962085609815579	0.3	1.032882631791114
1000.0	false	0.5867629807007243	-3.805743884223562	0.6	1.0585174587666726
0.001	true	0.5302611353174846	-2.076775832458357	0.35	1.0397688766063211
0.01	true	0.6495720386339555	-3.366396353153278	0.35	1.0447715492734433
0.1	true	0.699675979482587	-2.317355600450123	0.4	1.0457473463146838
1.0	true	0.6546295215160899	-1.7979567414319433	0.35	1.044771519581361
10.0	true	0.5982392963209571	-4.873413396807743	0.3	1.0434733305780093
100.0	true	0.5194594408251842	-0.6820065943227136	0.3	1.0357469869819558
1000.0	true	0.6496398936484413	-2.59453044362232	0.35	1.0447715489275375
0.001	false	0.510332058722333	-5.094554824737203	0.45	1.0575223599805468
0.01	false	0.5969972118486397	-3.688109036200673	0.55	1.0311799158768387
0.1	false	0.6180440924339623	-4.278281335720154	0.55	1.0670686956226514
1.0	false	0.5706140586501115	-4.503195663549572	0.5	0.9334471702192197
10.0	false	0.5130412458077067	-4.398005774092391	0.4784	1.041346816575691
100.0	false	0.46908638454614326	-5.084279983473291	0.5	1.0368371029008114
1000.0	false	0.4568241832004334	-7.896029505865914	0.3	1.0396387502835027
0.001	true	0.5340124011727023	-1.332446353564118	0.3	1.0408118793656125
0.01	true	0.598335376768052	-3.0885830154427607	0.4	1.043300945391571
0.1	true	0.5981039978223132	-1.6979875664194577	0.3	1.0434733372797262
1.0	true	0.3633532638799599	-0.8024080087481444	0.3	1.0156189402001174
10.0	true	0.5372435736762738	-3.042263431401766	0.25	1.0416612866491575
100.0	true	0.5426788449667636	-1.9880376327723126	0.37360000000000004	1.0410267223772054
1000.0	true	0.6557610290289796	-3.6659194637601216	0.35	1.044771517551599
0.001	false	0.5673518628111593	-7.413883212673815	0.4	1.0636007770521705
0.01	false	0.4286164493827368	-6.954685304399265	0.35	1.0371210958437818
0.1	false	0.5708083255419062	-3.8016493599744514	0.5	1.0441338255501516
1.0	false	0.4622673853968665	-5.1014095365254715	0.45	1.0368594517755356
10.0	false	0.6308140066869116	-3.4436631508919406	0.65	1.0442486791793344
100.0	false	0.462210154352544	-5.704909457860334	0.42545	1.0384195595286965
1000.0	false	0.4386244343641494	-6.167201048107883	0.40354999999999996	1.0557276865736371
0.001	true	0.5981563403232184	-3.6838761494310788	0.35	1.043435085048408
0.01	true	0.46997250817268393	-1.1458072620925173	0.25	1.037887253845179
0.1	true	0.36705083581613696	-7.80222742084476	0.2	1.0343276457222397
1.0	true	0.5981039994755142	-4.368541749291153	0.3	1.0434733392075026
10.0	true	0.6942191229576528	-1.7529924085982167	0.4	1.045747348156141
100.0	true	0.5981091064399593	-3.6145665280344863	0.38865	1.0434719262817358
1000.0	true	0.6596480942359163	-2.443853980122318	0.35	1.0447715429907296
0.001	false	0.5160178316607099	-7.703596873577536	0.3	1.04074956048851
0.01	false	0.6401942837392822	-5.255077784315679	0.40869999999999995	1.0445751647975252
0.1	false	0.3658940493675419	-7.281072658622326	0.3	1.031662066464558
1.0	false	0.5329482538411645	-6.457414487944502	0.35	1.0526300361805254
10.0	false	0.7272605808137343	-2.405439963528033	0.6006	1.0470073945303922
100.0	false	0.5392441185584161	-5.322998924853869	0.4	1.0413076720377916
1000.0	false	0.47175382192167736	-6.366183199275426	0.3	1.0198721536488156
0.001	true	0.5705036790370134	-5.2971530214041636	0.2879	1.0414532777182628
0.01	true	0.5317811210455573	-4.283644258932579	0.35	1.0402056079420854
0.1	true	0.6495607610437649	-4.417089279764913	0.35	1.0447715516387306
10.0	true	0.537243573670437	-7.556757256964323	0.25	1.0416612900312086
100.0	true	0.6865443058263588	-6.2258323287200685	0.35	1.0408036010760129
1000.0	true	0.3418541855307314	-1.723042881999616	0.35	1.0281548690715057
0.001	false	0.3323647918300391	-7.974996191069626	0.3	1.0363103204473039
0.01	false	0.5222883847056041	-6.313641604631243	0.35	1.041568310384291
0.1	false	0.6755595419148485	-2.714391329789745	0.52785	1.045498005006311
1.0	false	0.5829976760447703	-4.421582103785101	0.4606	1.0436138624453655
10.0	false	0.6809196030420881	-1.9138036383211599	0.7	1.045674645907531
100.0	false	0.5680777480161688	-5.781128588601322	0.39585	1.0424845211954947
1000.0	false	0.43225384445803827	-7.037156632274595	0.3	1.052951362788468
0.001	true	0.662702448703427	-3.187237814875774	0.35	1.0447715498833094
0.01	true	0.49857634675163814	-1.2724504580574876	0.25	1.0378887077501813
1.0	true	0.5981638451546443	-2.3816158426675043	0.35	1.0434332520586427
10.0	true	0.5306380076439383	-1.4794487655663064	0.4	1.0397632129020045
100.0	true	0.45615419502126575	-2.9528066299906	0.25	1.0378766132525648
1000.0	true	0.4563079428762609	-1.973684973552706	0.3	1.0378731644130237
0.001	false	0.3769994813370982	-5.727851051563384	0.45	1.0339440416031955
0.01	false	0.5165702429592607	-6.139427753464115	0.395	1.0413003571059547
0.1	false	0.5960666019591061	-3.965486554474316	0.6	1.0431026195759239
1.0	false	0.4080567641235159	-4.409896964051365	0.35	1.03406931979943
10.0	false	0.5044306363753297	-3.4964053045547923	0.5573	1.0161150476105305
100.0	false	0.6852351782157844	-3.7930790115156183	0.5718	1.0652613840219753
1000.0	false	0.5745372682777758	-6.029106807434304	0.36635	1.0427278967486855
