"competition"	"connectance"	"diversity"	"stability"	"richness"	"biomass"
0.8	0.05	0.7965557139202054	-0.044707635406820566	0.7	1.221948638852106
0.8666666666666667	0.05	0.7541116164324319	-0.008525667096705615	0.7	1.1359075033436459
0.9333333333333333	0.05	0.7534977540204615	-0.42078258358376985	0.69915	1.063594221829801
1.0	0.05	0.5609820486578717	-3.725453652234327e-6	0.7	0.9999999742013551
1.0666666666666667	0.05	1.0997911959648775e-26	-1.0989054215667394e-5	0.05	0.9999999377228621
1.1333333333333333	0.05	7.456414662075514e-57	-1.0987449594602177e-5	0.05	0.9999999150368518
1.2	0.05	5.147898739569885e-83	-1.0989514879370977e-5	0.05	1.0000000286773585
0.8	0.15	0.4914588635007089	-1.0891689834101583	0.45	0.6290555519689951
0.8666666666666667	0.15	0.5489033189501629	-0.4374554348810817	0.8	1.1179250897066528
0.9333333333333333	0.15	0.5979713742698759	-0.5773147787252098	0.41580000000000006	1.0590122741926307
1.0	0.15	0.4095467654998128	-1.2944753332983892	0.4	1.0089942982764328
1.0666666666666667	0.15	1.8548517040090162e-29	-1.0953904813971496e-5	0.05	1.0000000114920076
1.1333333333333333	0.15	1.4075459461023413e-58	-1.0984767188280523e-5	0.05	0.9999999258659179
1.2	0.15	7.439335148984275e-87	-1.0952579110699022e-5	0.05	1.0000000127608437
0.8	0.25	0.5405324972379633	-1.3644050338753587e-6	0.35	1.2037277628375407
0.8666666666666667	0.25	0.5982166262110944	-0.2739080411209262	0.4	1.12560359758855
0.9333333333333333	0.25	0.4673049223484367	-0.5011849602621234	0.25	1.0632549416434527
1.0	0.25	0.3537061015445984	-0.7747754229398978	0.2	0.6057305201856388
1.0666666666666667	0.25	0.23081164697619505	-0.13038525257861763	0.14975	0.45557649972620035
1.1333333333333333	0.25	5.825368008090158e-35	-1.098945232877302e-5	0.05	0.9999999307898229
1.2	0.25	0.12384358112954783	-1.0494850256634936	0.10145	0.9820272162165344
0.8	0.05	0.7588013658634699	-0.03109917725359044	0.7	1.218710700136353
0.8666666666666667	0.05	0.7292075873503957	-0.0282357563845836	0.7	1.1347062996854071
0.9333333333333333	0.05	0.7160705978379838	-0.0697921558479301	0.6	1.0627141572804255
1.0	0.05	0.551076658280638	-4.206339771461275e-6	0.55	1.0000000202773078
1.0666666666666667	0.05	1.675795872645094e-30	-1.0989117128629045e-5	0.05	1.0000000364423687
1.1333333333333333	0.05	6.257671016950758e-56	-1.0981790511049136e-5	0.05	0.999999918357383
1.2	0.05	1.4723324303652175e-86	-1.098563646374799e-5	0.05	0.9999999093973155
0.8	0.15	0.6298840836101565	-0.1240429616239717	0.45	1.202994864982772
0.8666666666666667	0.15	0.5704571984240114	-0.4510693187699266	0.47745	1.1135784135466604
0.9333333333333333	0.15	0.36930738789578604	-1.6121171864399526e-5	0.25	1.0468830163198255
1.0	0.15	0.356074392531556	-5.242341220281192e-6	0.26155	1.0000000239442963
1.0666666666666667	0.15	8.204853565089914e-18	-3.312482586465759e-6	0.05	0.9999885015136701
1.1333333333333333	0.15	0.07993590157195611	-6.857794336697498e-6	0.1	1.0169101814849875
1.2	0.15	0.2300562991216801	-2.643693412756372e-6	0.21055000000000001	0.9912915842385172
0.8	0.25	0.4299246625217734	-0.0008458094562119343	0.25	1.165309312931842
0.8666666666666667	0.25	0.6523527206505858	-0.3495891458572323	0.6	1.0389423573818948
0.9333333333333333	0.25	0.3242986111848227	-0.0002261183749204981	0.2714	1.0364720863888135
1.0	0.25	0.48533466701127354	-0.9458250939636395	0.4	0.8752098027785795
1.0666666666666667	0.25	0.0799366723937317	-2.066747947371867e-6	0.19095	1.0168999837197337
1.1333333333333333	0.25	0.3253436016729489	-0.9030665329606318	0.2	0.7143536164414453
1.2	0.25	0.15432208416850124	-2.137995875780604e-6	0.1	1.0258133334145079
0.8	0.05	0.724350786729334	-0.46537112123101915	0.8087500000000001	1.2148783639146294
0.8666666666666667	0.05	0.8294821381415158	-0.0004913069283893201	0.6	1.1392366803515874
0.9333333333333333	0.05	0.6495679214259471	-0.8800899545754903	0.4064	1.0606566565421838
1.0	0.05	0.35150553986864413	-1.3968417855249135e-6	0.55	0.9999951452207979
1.0666666666666667	0.05	0.0732247260465211	-5.264525769796727	0.39075000000000004	0.9695940819151356
1.1333333333333333	0.05	6.681487600387532e-57	-1.0986251921330782e-5	0.05	1.000000026467947
1.2	0.05	2.4828053975104262e-85	-3.31211628347182e-6	0.05	1.0000115073172022
0.8	0.15	0.6439828425927762	-0.0018508283476642699	0.55	1.21733064560141
0.8666666666666667	0.15	0.6097340274860749	-0.4826280305146732	0.6858500000000001	1.1257142830500038
0.9333333333333333	0.15	0.30552328058377043	-0.2620910407979969	0.35	1.0397453898967812
1.0	0.15	0.3545265111703403	-1.051701753581528	0.33335	1.0009626518472488
1.0666666666666667	0.15	0.20111598779736772	-1.1058883655649694	0.3	0.9962905722518417
1.1333333333333333	0.15	9.677944727117782e-55	-1.0979495895432983e-5	0.05	1.0000000226920913
1.2	0.15	1.8553215504009273e-31	-3.317798397593512e-6	0.05	1.0000115050734526
0.8	0.25	0.6140908839858806	-0.004270073116630152	0.35135	1.0169853126304087
0.8666666666666667	0.25	0.6557743033449478	-0.7081717985327418	0.6401	1.0152259689653136
0.9333333333333333	0.25	0.5286187382554525	-0.2498776061377975	0.43685	1.0843900753164604
1.0	0.25	0.3689211897871179	-5.283834229081621e-6	0.25	1.0000000148439407
1.0666666666666667	0.25	5.347489763491556e-25	-1.0971059865427818e-5	0.05	1.000000020826483
1.1333333333333333	0.25	1.895905818501979e-24	-1.0985555805833413e-5	0.05	1.0000000259645974
1.2	0.25	0.376136802395977	-1.4393238317798516	0.42190000000000005	0.8351217441023618
0.8	0.05	0.7590694219604985	-0.004902822954151413	0.7	1.218897253593119
0.8666666666666667	0.05	0.8293061967039954	-0.19321284649341613	0.69325	1.13925791255485
0.9333333333333333	0.05	0.6344720766987857	-0.9243145438585278	0.47745	1.0600856075808047
1.0	0.05	0.49932245599808384	-1.4222490563308163e-6	0.5	0.9999950626305094
1.0666666666666667	0.05	5.8874875687304696e-27	-1.0983684010118888e-5	0.05	1.0000000331622632
1.1333333333333333	0.05	5.761202347632671e-57	-1.0992431399712552e-5	0.05	0.9999999113290993
1.2	0.05	8.590133223492275e-75	-1.0989338388124365e-5	0.05	1.0000000284409765
0.8	0.15	0.4481405265693946	-9.356497906139599e-5	0.4	1.1662616323090478
0.8666666666666667	0.15	0.4134253693818847	-0.00046889820741818005	0.35	1.095636334857899
0.9333333333333333	0.15	0.4982002337633248	-0.49738797199371565	0.45	1.0542017696350676
1.0	0.15	0.4429435870307009	-0.07665966965070282	0.41935	0.9999999687643383
1.0666666666666667	0.15	0.0952120239933315	-1.7880620379834986	0.189	0.9906059600107558
1.1333333333333333	0.15	2.833251791507053e-26	-3.3166554990900777e-6	0.05	0.999988494646285
1.2	0.15	0.1521476655551459	-2.1056161719572706e-6	0.1	1.0326184042903066
0.8	0.25	0.35299664646956774	-0.0727677893794781	0.30684999999999996	1.1291475757032952
0.8666666666666667	0.25	0.3442563241010888	-0.0007096907773278144	0.3	1.0969498128095891
0.9333333333333333	0.25	0.31954741734390735	-0.5436644156244029	0.35	1.0362985616305485
1.0	0.25	0.10991338852860069	-6.778146199349799e-6	0.15	0.9999999630357682
1.0666666666666667	0.25	0.3098822104808341	-0.9082357224445626	0.22385000000000002	0.8645685869364111
1.1333333333333333	0.25	0.10243613778193073	-2.142442581708563	0.2273	0.9557715375365347
1.2	0.25	0.2453080847076006	-0.3976859957478038	0.15	0.9223969871930151
0.8	0.05	0.7436760887087495	-0.008285744889401784	0.7	1.2169084545125124
0.8666666666666667	0.05	0.7213695370545493	-0.26772919138770085	0.6980500000000001	1.1339245502597284
0.9333333333333333	0.05	0.6931671029568767	-0.05222550999900289	0.4	1.0618924320738143
1.0	0.05	0.16203551467742655	-7.718785690002582e-6	0.5	0.999999981555528
1.0666666666666667	0.05	1.1000575290100296e-27	-1.098337982295615e-5	0.05	1.0000000169999843
1.1333333333333333	0.05	8.520984427390577e-53	-1.0958694784282352e-5	0.05	1.0000000214608962
1.2	0.05	2.440034306915525e-87	-1.0993556745102785e-5	0.05	1.000000030104189
0.8	0.15	0.45722883470672704	-1.3238209804506482e-6	0.3003	1.1532698226984976
0.8666666666666667	0.15	0.5766093437040882	-5.856189164898893e-6	0.4	1.1315553895381862
0.9333333333333333	0.15	0.53652755510866	-0.5728391894626689	0.45	0.9701280682229885
1.0	0.15	0.34275009522110494	-1.4011541285861441e-6	0.35	1.0000048626871827
1.0666666666666667	0.15	7.266687536309238e-30	-3.319733519141717e-6	0.05	0.9999884973945308
1.1333333333333333	0.15	0.07993589711553888	-6.8289394583498e-6	0.1	1.016910240247798
1.2	0.15	0.054479843031980564	-2.2943688717941475	0.1545	0.9172596892313246
0.8	0.25	0.43000789296309894	-0.15668581018131714	0.35	1.1653085743717255
0.8666666666666667	0.25	0.4291981009248684	-0.0078462018282871	0.25	1.1047611692262345
0.9333333333333333	0.25	0.4433085610326345	-0.36637823039548495	0.5	1.0514371856182623
1.0	0.25	0.2368911788495429	-1.9466019258307583e-6	0.15775	1.0000067633856233
1.0666666666666667	0.25	0.3305760620550196	-2.289831206882416	0.26739999999999997	0.6161163967517802
1.1333333333333333	0.25	1.5746131496039393e-12	-1.0985781517650502e-5	0.0758	1.0000000320491493
1.2	0.25	0.3077016177404104	-1.7359426148857065e-9	0.15	0.9382835915963862
0.8	0.05	0.7962234134426897	-0.137915486076802	0.85	1.2223628294241018
0.8666666666666667	0.05	0.6760431183303776	-0.3003182754960427	0.73505	1.1307334529237218
0.9333333333333333	0.05	0.7648810407785621	-1.1461277560932055	0.5152	1.0637116665086412
1.0	0.05	0.37194079986523354	-1.2950630050282194e-6	0.5	1.0000044989771477
1.0666666666666667	0.05	1.2031940854787301e-28	-1.095342904342365e-5	0.05	1.0000000140605956
1.1333333333333333	0.05	1.4631013611095803e-63	-3.31781427565022e-6	0.05	1.0000115054097642
1.2	0.05	3.79162218251844e-83	-1.099214574031376e-5	0.05	0.999999934827282
0.8	0.15	0.5920026174495561	-0.26708732867989826	0.57195	1.1975509424352622
0.8666666666666667	0.15	0.6035211603299014	-0.0053420231989332575	0.46055	1.0633628588862398
0.9333333333333333	0.15	0.685068253275391	-0.19666225957407954	0.6	1.0624102997074216
1.0	0.15	0.4482128905584576	-4.727821792923809e-6	0.4848	1.0000000185593043
1.0666666666666667	0.15	0.15124322600254714	-0.49285789295496957	0.2	1.013152704045687
1.1333333333333333	0.15	1.0472146076505773e-38	-1.0984665144901572e-5	0.05	1.0000000403057392
1.2	0.15	6.677279366292299e-88	-1.095964139926776e-5	0.05	1.000000020643539
0.8	0.25	0.3897405549487743	-0.3965333767618398	0.3	1.150027644905144
0.8666666666666667	0.25	0.5705124795239951	-0.8443176458408385	0.5099	1.1232745301556895
0.9333333333333333	0.25	0.3637604719277077	-0.16269941051209233	0.28095	1.0096054976281361
1.0	0.25	0.3821860589260004	-0.6942063368111006	0.3729	0.9949471325089585
1.0666666666666667	0.25	0.18861253968510844	-1.680779760833396	0.20099999999999998	0.9921698616870912
1.1333333333333333	0.25	0.38054960839306756	-0.621824832918754	0.2879	0.8733882510724928
1.2	0.25	0.11355543773201869	-1.2067480982831698	0.1	0.20959303345041552
0.8	0.05	0.7517564180736158	-0.047024867301430996	0.8	1.2175723112153003
0.8666666666666667	0.05	0.8548697187645127	-0.042203804016667526	0.75	1.1404783885658474
0.9333333333333333	0.05	0.7202578173139221	-0.19053793106175007	0.55	1.0627109413087146
1.0	0.05	0.487795755479125	-4.53106140406458e-6	0.6	0.9999999732251011
1.0666666666666667	0.05	2.2147326267591972e-24	-1.0984341959103627e-5	0.05	0.9999999290057427
1.1333333333333333	0.05	1.5086528175470753e-53	-1.0984205321824528e-5	0.05	1.0000000297565366
1.2	0.05	1.7980944692715887e-85	-1.0956614023075837e-5	0.05	1.0000000118383667
0.8	0.15	0.6179219545173033	-0.5794188813845493	0.5	1.130337264963544
0.8666666666666667	0.15	0.5196659155818691	-0.004193995314295361	0.35	1.1167792641895646
0.9333333333333333	0.15	0.6838541495833501	-0.11462448026500427	0.7	1.0617357147001507
1.0	0.15	0.020184548640857163	-8.076365927013539e-6	0.2	1.0000000180059636
1.0666666666666667	0.15	0.03641497158899476	-5.037907831052341	0.17945	0.9839695599091793
1.1333333333333333	0.15	2.2853399026869145e-49	-1.096034806945945e-5	0.05	0.9999999320593002
1.2	0.15	0.0705298211649759	-2.0096725899441665	0.21989999999999998	0.926220807254248
0.8	0.25	0.450312539923135	-0.32408198899403734	0.4	1.1662615968737706
0.8666666666666667	0.25	0.5248771326486782	-0.6918786088392116	0.3695	1.0105106540952742
0.9333333333333333	0.25	0.3212468824970894	-0.3404237895462501	0.2973	1.036241751114691
1.0	0.25	0.44301652054532314	-1.8192682014735995	0.54555	1.0226303774504024
1.0666666666666667	0.25	0.4019209522809869	-1.3655038193290616	0.35	0.6426843373998105
1.1333333333333333	0.25	0.3678318950997002	-1.5689178143428847e-9	0.25	0.9630664932464448
1.2	0.25	0.08267938578934118	-0.7652511669935282	0.0769	0.9877750491645724
0.8	0.05	0.7082872607792392	-0.16598469858332077	0.85	1.2122219726149455
0.8666666666666667	0.05	0.79533874137979	-0.43061005561609617	0.7224999999999999	1.1379454879905744
0.9333333333333333	0.05	0.7684886871367704	-0.35906587717997485	0.6	1.0636310253125587
1.0	0.05	0.23254375973706953	-2.2929391465297298e-6	0.75	1.0000079688441712
1.0666666666666667	0.05	1.2912305066449089e-27	-1.0952175389588235e-5	0.05	1.0000000169903238
1.1333333333333333	0.05	2.8297785549249414e-55	-1.099603064729378e-5	0.05	0.9999999223125018
1.2	0.05	2.5284678903825954e-84	-3.312046803062328e-6	0.05	1.0000115077852174
0.8	0.15	0.5748391459074275	-0.5176655523805114	0.5	1.164223527420568
0.8666666666666667	0.15	0.4559847687532712	-0.8900540500280412	0.5	1.1089644006081851
0.9333333333333333	0.15	0.3503910675995907	-0.48514622880435965	0.4556	1.041705514147756
1.0	0.15	0.007561691753609382	-2.5944925237184495e-6	0.45	1.0000089890739574
1.0666666666666667	0.15	0.15686436118983538	-0.00010503518149543034	0.15	1.0093243624464898
1.1333333333333333	0.15	0.06406628165009608	-2.444639204967986	0.195	0.9631902232426622
1.2	0.15	0.06789564244693493	-1.4593302796846188	0.15845	0.9369717268081744
0.8	0.25	0.4571480393385226	-0.005105888673720342	0.37205	1.1682659360150243
0.8666666666666667	0.25	0.3277197574675387	-3.566152821663064e-9	0.15	0.45557649268654676
0.9333333333333333	0.25	0.550740463204778	-0.2913683035816053	0.5	1.0772823526408843
1.0	0.25	0.47996366970235693	-0.0026176516732476208	0.15	0.6660650010484144
1.0666666666666667	0.25	1.0675704508635268e-30	-1.0988391098834788e-5	0.05	0.9999999168451378
1.1333333333333333	0.25	0.036629077161489894	-9.684845142168943	0.14905	0.9631096709187542
1.2	0.25	1.20671477747796e-34	-1.0987748002930955e-5	0.05	1.0000000291402111
0.8	0.05	0.7969312230798256	-0.16556177301110475	0.7	1.222040079232527
0.8666666666666667	0.05	0.7303846081479615	-0.2644820176506177	0.69755	1.1357912395262793
0.9333333333333333	0.05	0.8126893495663708	-0.38725761303024964	0.69015	1.0647865202162472
1.0	0.05	0.16847031737361612	-1.956348072010455e-6	0.45	1.000006798586278
1.0666666666666667	0.05	2.8956671297621027e-29	-1.0993291403666286e-5	0.05	0.9999999107006017
1.1333333333333333	0.05	6.054454410087856e-56	-1.0992102433499463e-5	0.05	0.9999999164123077
1.2	0.05	7.099855237548224e-84	-3.31823689001069e-6	0.05	1.0000115014504862
0.8	0.15	0.5559222796361544	-0.0033928979875171806	0.50795	1.1873640048159588
0.8666666666666667	0.15	0.45651473927808334	-0.28722016893802227	0.4	1.1093867271178974
0.9333333333333333	0.15	0.6403012062581124	-1.170842703312761	0.6	1.0824090382825433
1.0	0.15	0.3126343445205951	-1.5061679704279456	0.53015	1.0111999795550446
1.0666666666666667	0.15	5.905051662939479e-29	-1.0988000497924771e-5	0.05	1.0000000170092598
1.1333333333333333	0.15	0.06035888009530415	-1.9018887970874678	0.1611	0.9612139380033046
1.2	0.15	2.852399239918173e-87	-1.0990260873273068e-5	0.05	1.000000034050094
0.8	0.25	0.5965629567014928	-0.3537491251630802	0.47945000000000004	1.2049774325751867
0.8666666666666667	0.25	0.5590953956023574	-0.16598452026527036	0.40655	1.0388266636953232
0.9333333333333333	0.25	0.2470087847233167	-0.16654323312476077	0.25	1.0290271950220247
1.0	0.25	0.21809560721077378	-1.1954654247484693	0.25	1.0178593191178185
1.0666666666666667	0.25	0.10655749950821436	-2.6853443305137916	0.22210000000000002	0.9667071028205109
1.1333333333333333	0.25	0.08691488644281402	-2.6739939776256705	0.28635	0.933980294081198
1.2	0.25	0.1107037017503635	-1.606117555237126	0.12969999999999998	0.9435772712426951
0.8	0.05	0.7667331907080743	-0.0006847801514843711	0.55	1.2192886684461954
0.8666666666666667	0.05	0.7666403889981798	-1.1194040161252587	0.68595	1.1364034856837018
0.9333333333333333	0.05	0.6654446478000209	-0.5463087358776413	0.5889	1.0610595386895896
1.0	0.05	0.29093037075605443	-5.560579063672423e-6	0.35	0.999999973708163
1.0666666666666667	0.05	8.842617041436704e-31	-1.0988930590045986e-5	0.05	1.0000000261731326
1.1333333333333333	0.05	1.8158976039447334e-54	-3.310802214257383e-6	0.05	0.9999884946311
1.2	0.05	8.358384999118017e-81	-3.3093499213876145e-6	0.05	0.9999884982773456
0.8	0.15	0.621079586491164	-4.290699135994127e-6	0.5	1.204201049423671
0.8666666666666667	0.15	0.49053440096289797	-0.5114478057814265	0.49465000000000003	1.1171641459678938
0.9333333333333333	0.15	0.48117061121459576	-1.1321929443554748	0.4	0.849613686297408
1.0	0.15	0.39915714621312776	-0.9926126369046953	0.35	1.0060723123554105
1.0666666666666667	0.15	5.38017030934984e-31	-1.0984649798653638e-5	0.05	0.9999999142893724
1.1333333333333333	0.15	0.09035886188856652	-3.084272976354089	0.16599999999999998	0.9738506693667957
1.2	0.15	0.08253436865954478	-1.7969996599835436	0.17395	0.9408392933926104
0.8	0.25	0.5372606782943975	-0.5215164879691578	0.35	1.1656333970582053
0.8666666666666667	0.25	0.338605068960706	-0.0008447057176633764	0.2037	0.6939751250320325
0.9333333333333333	0.25	0.23920427711143744	-3.932759432328573e-9	0.1	0.45557649268599965
1.0	0.25	0.357249848387881	-0.8787525484496574	0.25	0.9903031772482642
1.0666666666666667	0.25	0.30499922125155093	-2.48374254995133	0.37825000000000003	0.9443619428864517
1.1333333333333333	0.25	0.11339009196481127	-1.2066013928022532	0.1	0.2100334564501505
1.2	0.25	0.10849401743738038	-2.051561479704163	0.2651	0.8979174233301397
0.8	0.05	0.7134554158552201	-0.007645704768399491	0.55	1.2132809544591683
0.8666666666666667	0.05	0.7791453840140641	-0.03962532890827137	0.8	1.1507205714339335
0.9333333333333333	0.05	0.8342634178442593	-0.19435496890730078	0.65	1.0650526316866165
1.0	0.05	0.556638010000432	-1.3102231638232303e-6	0.55	0.9999954541579253
1.0666666666666667	0.05	1.7928020145539395e-28	-1.0986734921387292e-5	0.05	0.9999999375966042
1.1333333333333333	0.05	1.1047140414685577e-56	-1.0962261024607325e-5	0.05	1.000000019954416
1.2	0.05	6.66316271016646e-86	-1.0994594946783576e-5	0.05	1.0000000313776374
0.8	0.15	0.5975393568904003	-0.15681386756485108	0.6	1.1994084633698856
0.8666666666666667	0.15	0.34393763962329976	-0.24948956014342666	0.35	1.0739144860844754
0.9333333333333333	0.15	0.6950078536333524	-0.00284478474216717	0.45	1.0621310625445108
1.0	0.15	0.39129543095719216	-4.723083278997857e-6	0.3748	1.0000000142223238
1.0666666666666667	0.15	0.48484408308456856	-0.6145944559499442	0.3	0.48000523032733294
1.1333333333333333	0.15	2.1079163016861884e-59	-1.0983359405900087e-5	0.05	1.0000000299798364
1.2	0.15	2.4463396653037845e-18	-3.3174247451024284e-6	0.05	0.9999885033382747
0.8	0.25	0.46160511695164996	-1.2462299682959e-6	0.31635	1.17263132377336
0.8666666666666667	0.25	0.20379806790310925	-1.740129099114651e-6	0.15	1.0531476906551693
0.9333333333333333	0.25	0.43687618555687757	-0.73304029753916	0.25	0.8885563678416061
1.0	0.25	0.5405019990245975	-5.626019349516484e-7	0.3	0.9223969784028347
1.0666666666666667	0.25	0.016397850113036325	-0.34581078192920217	0.09435	0.990466759103033
1.1333333333333333	0.25	1.4267232034189715e-10	-3.3145923831366328e-6	0.0885	0.9999884948957122
1.2	0.25	0.1593101770609022	-1.5806937190044912	0.11610000000000001	0.9770039447570569
0.8	0.05	0.6827148542056063	-0.30802947493953425	0.52695	1.2100863922847729
0.8666666666666667	0.05	0.7625585741187314	-0.14684108915009658	0.79295	1.1361117397262321
0.9333333333333333	0.05	0.8190587221422349	-0.28840564645839023	0.7339	1.0650150077648115
1.0	0.05	0.587432469509129	-1.1131365012017579e-6	0.7	1.0000038592203369
1.0666666666666667	0.05	1.8254002183362848e-28	-1.0984922688037159e-5	0.05	1.0000000263272137
1.1333333333333333	0.05	1.982883454607805e-56	-1.0986889100389159e-5	0.05	1.0000000350710363
1.2	0.05	4.754866602503736e-83	-1.0989495626129624e-5	0.05	0.9999999266963122
0.8	0.15	0.5305024782873028	-0.013600159268476155	0.45	1.1784336579482753
0.8666666666666667	0.15	0.5577664706958838	-0.9919325357214559	0.5	1.0993080627797487
0.9333333333333333	0.15	0.6798866718704335	-0.5401735917640265	0.59175	1.06198959332924
1.0	0.15	0.4455986258899957	-4.669281499017094e-6	0.4	1.000000004397911
1.0666666666666667	0.15	0.15360434490494126	-2.087985340353576	0.40295	0.9714245885370831
1.1333333333333333	0.15	2.2307450196909618e-60	-3.317946084938443e-6	0.05	0.9999884928858696
1.2	0.15	0.09816666917141507	-2.04764298844262	0.27480000000000004	0.9092097394063929
0.8	0.25	0.5225706911629834	-0.2609117291279986	0.4	1.1838401311372446
0.8666666666666667	0.25	0.5644668044934166	-0.0048552643071187885	0.4535	0.8115460947949952
0.9333333333333333	0.25	0.42961454305355845	-0.318193531334413	0.35	1.050100057582669
1.0	0.25	0.3218423522229702	-1.665708122566504e-6	0.20249999999999999	1.0258163913860479
1.0666666666666667	0.25	0.06570345172907421	-1.4007836054597977	0.1381	0.9964542739797007
1.1333333333333333	0.25	0.12398174646803324	-2.105054165200142e-6	0.1	1.025759010697593
1.2	0.25	0.15432208439229522	-2.1367824231742862e-6	0.1247	1.0258133317239275
0.8	0.05	0.8393687806642114	-0.014998795452434203	0.88315	1.2298606054381913
0.8666666666666667	0.05	0.7992205870820944	-0.4027362162367371	0.6940000000000001	1.1382499776136659
0.9333333333333333	0.05	0.6662572791948667	-0.22669848848572682	0.5	1.061034480378403
1.0	0.05	0.5756823681056178	-1.2991219089469443e-6	0.5	1.000004514998476
1.0666666666666667	0.05	3.457099928969064e-29	-1.098875063089768e-5	0.05	1.000000020784489
1.1333333333333333	0.05	9.766819247652203e-57	-1.0989508303024967e-5	0.05	0.9999999278587425
1.2	0.05	2.5624180918141117e-85	-1.0985279244160724e-5	0.05	0.9999999371194356
0.8	0.15	0.6636246194215502	-0.0011214242559148533	0.55	1.2104852830605144
0.8666666666666667	0.15	0.5576350026253339	-0.0012136307153233538	0.45	1.1198626508641545
0.9333333333333333	0.15	0.5725882624242328	-0.0001454195512186941	0.40245	0.9830009079964667
1.0	0.15	0.2646193174334607	-0.18139115838579684	0.35	0.9999999655451578
1.0666666666666667	0.15	3.573948247645161e-32	-3.310969295109887e-6	0.05	0.9999884947231873
1.1333333333333333	0.15	1.2616972890170168e-59	-1.0989201375366331e-5	0.05	0.9999999384346067
1.2	0.15	0.2595335961264083	-2.9290445744776787e-9	0.15	1.0295090703084413
0.8	0.25	0.30621892629431563	-0.08027581313280803	0.33125	1.1061229276233693
0.8666666666666667	0.25	0.5371798954864963	-4.050657115687776e-5	0.3	1.1251393910093272
0.9333333333333333	0.25	0.11343240845050434	-1.1997990097112563	0.1176	0.21190770806099787
1.0	0.25	0.2319631586369996	-7.729055643632588e-6	0.2578	1.000000018511073
1.0666666666666667	0.25	0.21724303577280615	-1.6040664552606594	0.2706	1.0075378486331312
1.1333333333333333	0.25	0.28881721045353514	-1.2855374676423326	0.3	0.920990519010895
1.2	0.25	0.056919923752318975	-6.5234810093732	0.10329999999999999	0.9752777578383738
0.8	0.05	0.7577788741291622	-0.007692190180881867	0.65	1.2182086473307496
0.8666666666666667	0.05	0.6058487281202548	-0.2430815382110205	0.8	1.1238361882739678
0.9333333333333333	0.05	0.46494446577245174	-1.4684597124684822	0.5	1.0114775533929259
1.0	0.05	0.5006408550388536	-1.331699493985605e-6	0.6	1.0000046193878651
1.0666666666666667	0.05	1.3214106481565322e-27	-1.0992840257482527e-5	0.05	0.9999999109728719
1.1333333333333333	0.05	1.946325442242688e-58	-1.0977155484027456e-5	0.05	1.000000028143111
1.2	0.05	6.148988336064381e-81	-1.0952644604870411e-5	0.05	1.0000000131570015
0.8	0.15	0.48496355868278695	-2.887097234854156e-6	0.3	1.1525366193606623
0.8666666666666667	0.15	0.49118947204429675	-0.037465212805793006	0.45	1.110000989757632
0.9333333333333333	0.15	0.695464302095571	-0.4031912545272887	0.5439	1.0886466361612406
1.0	0.15	0.42403139965163744	-0.005714776491122843	0.5	1.0000046982120834
1.0666666666666667	0.15	0.024802024499181886	-5.154283645645554	0.1246	0.9942570670626438
1.1333333333333333	0.15	0.08792042023736303	-2.180912321854615	0.2575	0.9262233043838043
1.2	0.15	0.12561043581530215	-1.7825223289980693e-6	0.15	1.019131520095204
0.8	0.25	0.3711330513473742	-0.08269330074428358	0.2	0.3836735431876032
0.8666666666666667	0.25	0.18040957670191957	-1.7944537103849858	0.25	0.4710139942506868
0.9333333333333333	0.25	0.5347446777193389	-0.004311277947483423	0.3	1.0562959213670373
1.0	0.25	2.8333323898654992e-5	-3.3180145634219383e-6	0.3	0.999988502133394
1.0666666666666667	0.25	1.0825273386184061e-11	-1.0969227379982831e-5	0.08125	0.9999999290837014
1.1333333333333333	0.25	6.145345619932886e-60	-1.09831073851034e-5	0.05	0.9999999233286482
1.2	0.25	0.1718488656566459	-1.7231974180209518e-6	0.15	1.025813766439215
0.8	0.05	0.8270651421560374	-0.0073498482812040305	0.75	1.2244987883579457
0.8666666666666667	0.05	0.6456265636890076	-0.18864295781874757	0.7	1.1273779145905911
0.9333333333333333	0.05	0.8161552025648734	-0.15765384712363728	0.65	1.0647538653154844
1.0	0.05	0.20994303805130526	-7.768076618972345e-6	0.4	1.0000000248178877
1.0666666666666667	0.05	6.137305762085587e-30	-1.0982336744337118e-5	0.05	1.0000000257842887
1.1333333333333333	0.05	1.9817084431235124e-55	-1.0983693966723989e-5	0.05	1.0000000333986956
1.2	0.05	1.496580444412633e-86	-3.3116626317303995e-6	0.05	1.0000115062392172
0.8	0.15	0.514890315829698	-0.00125335333215958	0.35	1.1827434604261484
0.8666666666666667	0.15	0.49759420437156154	-0.06622346970122478	0.5568500000000001	1.1081423763773228
0.9333333333333333	0.15	0.4845349644622605	-0.6112387349744499	0.44414999999999993	1.0530818264082045
1.0	0.15	0.5509407975394989	-0.5123946517486263	0.6	1.000043678673915
1.0666666666666667	0.15	1.8043549001255804e-32	-1.0989034205002472e-5	0.05	1.000000016089784
1.1333333333333333	0.15	0.06313309507747077	-1.417713358263578	0.19644999999999999	0.9626082240607444
1.2	0.15	4.116463019340607e-90	-3.318168560439862e-6	0.05	1.0000114978284336
0.8	0.25	0.5426863051945295	-0.00035780401453478357	0.45	1.1501874225530513
0.8666666666666667	0.25	0.4583554970496626	-0.6192363017324017	0.3	0.7909540938995419
0.9333333333333333	0.25	0.3287163870954142	-0.36578971598972576	0.24409999999999998	0.5811170774982375
1.0	0.25	0.5349164134240718	-1.280522484373529e-6	0.35	0.9999955532313151
1.0666666666666667	0.25	0.15854699368049802	-0.2488630460618461	0.2	1.0093833709554525
1.1333333333333333	0.25	0.22895827522876358	-1.5140082886587862	0.3303	0.47801888854891017
1.2	0.25	0.12398174607282798	-2.0988589900068343e-6	0.11835	1.0257590143018447
0.8	0.05	0.6733686467591007	-0.14379657031656584	0.85	1.2075614754609882
0.8666666666666667	0.05	0.7985874585082575	-0.32907108114223577	0.72145	1.1380094646680412
0.9333333333333333	0.05	0.799374090108605	-0.4050988386575653	0.7	1.0646380177602486
1.0	0.05	0.04982444028701837	-1.8014677300445873e-6	0.5	1.00000625404967
1.0666666666666667	0.05	0.048641610545679115	-4.965018798177849	0.29235	0.9797051411821122
1.1333333333333333	0.05	5.456022986563291e-56	-1.0983631229000728e-5	0.05	0.9999999193276904
1.2	0.05	1.3160942049041715e-82	-3.317975629980607e-6	0.05	1.0000114976959025
0.8	0.15	0.6926346520709356	-2.7226750731567708e-5	0.5	1.2192171749043523
0.8666666666666667	0.15	0.6821881645670128	-0.29320385454748416	0.7569	1.1323422864251842
0.9333333333333333	0.15	0.5729469136506115	-2.612677407528964	0.47619999999999996	1.0760531148096908
1.0	0.15	0.49741555434950585	-0.8895328811882283	0.35	0.8027074053331894
1.0666666666666667	0.15	0.03827196144482807	-2.8837034742970835	0.16625	0.9919887598543902
1.1333333333333333	0.15	0.06876632944227622	-2.2669877785971804	0.18665	0.9391736908358217
1.2	0.15	0.18363835471740034	-2.2449934833503478	0.36924999999999997	0.8565968835914151
0.8	0.25	0.22962189053416418	-0.0005327758940301884	0.1	0.31834146230486
0.8666666666666667	0.25	0.4806267017531216	-0.14591964744011435	0.35	1.1149190170181398
0.9333333333333333	0.25	0.6052825301249883	-0.051339288614158964	0.45	1.0598053708121598
1.0	0.25	0.3137572080780755	-0.8029844437613489	0.25	0.9760738835560162
1.0666666666666667	0.25	0.07188795799937134	-1.8792414718928976	0.20855	0.9955307986455172
1.1333333333333333	0.25	2.704767558882363e-62	-1.0983297797997646e-5	0.05	1.0000000184520341
1.2	0.25	0.07695721328892587	-2.630960220455565	0.26745	0.9014459770848802
0.8	0.05	0.9046315639035688	-0.0011326311478782676	0.85	1.2296652965127894
0.8666666666666667	0.05	0.7152218028036553	-0.9415698196939583	0.7091000000000001	1.1332128795283438
0.9333333333333333	0.05	0.7614297200300549	-1.0633136069855929	0.55855	1.0636126646589712
1.0	0.05	0.09417135064518374	-1.7556865852458788e-6	0.5	1.0000060904593213
1.0666666666666667	0.05	3.056903044146315e-29	-1.0989442281192863e-5	0.05	0.9999999264990078
1.1333333333333333	0.05	1.4036033381917935e-52	-1.0963238498417667e-5	0.05	1.0000000203672603
1.2	0.05	3.199663336571877e-87	-1.0958837491874706e-5	0.05	0.9999999323158059
0.8	0.15	0.685550922840275	-0.08776782714847847	0.5	1.2325998137456704
0.8666666666666667	0.15	0.4080385472224965	-5.0427862278760145e-6	0.34425	1.095450738758386
0.9333333333333333	0.15	0.5973465919391421	-0.1935890281425848	0.4	1.0591615672536367
1.0	0.15	0.5212414564348299	-0.521368258479707	0.4	1.0002167335369916
1.0666666666666667	0.15	0.07835128045461508	-2.5654767125593443	0.33795000000000003	0.9851077280450212
1.1333333333333333	0.15	0.10246273794867279	-2.1243966025763745	0.21125	0.9672526378168843
1.2	0.15	0.06934657518960914	-2.55246347994125	0.24485	0.9242932073849492
0.8	0.25	0.5238555994486724	-0.580168555177432	0.41859999999999997	1.0979140682692166
0.8666666666666667	0.25	0.47046180489928163	-0.3203504995832629	0.5095500000000001	1.113508616659606
0.9333333333333333	0.25	0.478000882724035	-0.7620263134612525	0.47779999999999995	1.0592298092579338
1.0	0.25	0.2981436879410654	-0.20369042332285536	0.2	0.9388439604829317
1.0666666666666667	0.25	0.19214731695389534	-5.68104670549874e-6	0.15	1.0258216986693613
1.1333333333333333	0.25	2.816855926608822e-59	-1.0982361246697531e-5	0.05	1.0000000178594888
1.2	0.25	0.04383375102482847	-5.031809872668905	0.11925	0.9798688980985838
0.8	0.05	0.802161947109015	-0.952458716329442	0.7974	1.2239602206970759
0.8666666666666667	0.05	0.7668801493131366	-0.0015141356889271983	0.55	1.136288837399915
0.9333333333333333	0.05	0.7802873903204357	-0.1578257177082526	0.75	1.0647363056828332
1.0	0.05	0.29103503590880414	-5.618065084436812e-6	0.45	1.000000020258131
1.0666666666666667	0.05	2.7049971024848482e-24	-1.098448374362859e-5	0.05	0.9999999238531407
1.1333333333333333	0.05	8.150864326149549e-57	-1.099461062162439e-5	0.05	0.9999999180758812
1.2	0.05	2.32588958482726e-81	-1.0951995468253214e-5	0.05	0.9999999396037998
0.8	0.15	0.6299450901400717	-0.001806293646354064	0.5659	1.2021857274500716
0.8666666666666667	0.15	0.5953591406401748	-0.5457423681226266	0.45	0.9817130587601042
0.9333333333333333	0.15	0.5658970399692326	-1.3211622865756125	0.4894	1.057250205030969
1.0	0.15	0.41844226399670004	-1.2855074300721276	0.4	0.9430107466898039
1.0666666666666667	0.15	1.6150125019041922e-30	-1.0948953788946636e-5	0.05	0.9999999733258663
1.1333333333333333	0.15	0.05063848726578905	-2.3530498411846867	0.20859999999999998	0.9554683811777079
1.2	0.15	0.22694924847576156	-1.1534595661143174	0.2	0.8884258683516666
0.8	0.25	0.4743724672552033	-0.4818457253186156	0.45999999999999996	1.1780716353105996
0.8666666666666667	0.25	0.515812296904994	-0.08789779004574184	0.35	1.116343732834787
0.9333333333333333	0.25	0.5598999149029187	-0.15394582781888586	0.45	1.0683619845211927
1.0	0.25	0.3976008320491635	-2.041621378698499	0.42374999999999996	1.0237811427497707
1.0666666666666667	0.25	0.379361754631796	-0.781614555689689	0.3263	0.8351924921800966
1.1333333333333333	0.25	0.12398174677860596	-2.096047622689412e-6	0.1	1.025759007869237
1.2	0.25	0.22444387280398095	-1.6545982467892866	0.23159999999999997	0.9266195615477361
0.8	0.05	0.6940348195854791	-0.0071883736674006405	0.7075	1.2132285345180376
0.8666666666666667	0.05	0.8315375284803733	-0.14550920296363382	0.85	1.140610058978777
0.9333333333333333	0.05	0.6963831218006467	-0.563937522200806	0.6897	1.062232637941716
1.0	0.05	0.1368551690672184	-1.455304615384138e-6	0.45	0.9999949422318728
1.0666666666666667	0.05	4.889716800102071e-29	-1.0984143300092697e-5	0.05	1.0000000188826335
1.1333333333333333	0.05	1.941606552685029e-54	-1.098519161826907e-5	0.05	1.0000000405684464
1.2	0.05	2.460607528401832e-87	-1.0984082152144584e-5	0.05	0.999999923353548
0.8	0.15	0.7121700766105189	-0.01274666409760681	0.67215	1.211832370509748
0.8666666666666667	0.15	0.5339949049749357	-0.02750473824461561	0.45	1.119908828429281
0.9333333333333333	0.15	0.6428646272146834	-0.40919873638091053	0.39195	1.0603916681461039
1.0	0.15	0.37296280410334703	-1.6640542467213937	0.4833	1.0117788184893732
1.0666666666666667	0.15	1.2484031214333483e-33	-3.3118511062948537e-6	0.05	0.9999884938012781
1.1333333333333333	0.15	1.7207966455536464e-59	-1.098291275940531e-5	0.05	1.0000000326176213
1.2	0.15	0.09403940721005934	-2.5520629251964984	0.13095	0.9214632070610045
0.8	0.25	0.4441089097896222	-0.6321886512624644	0.25	0.6201576153284348
0.8666666666666667	0.25	0.5031753877644425	-0.1676185586891208	0.49850000000000005	1.1235618742632043
0.9333333333333333	0.25	0.2868740765371543	-1.0557912303238224	0.2	0.6247864048678197
1.0	0.25	0.30665166680022743	-0.9736169362176996	0.29975	1.0000677739221508
1.0666666666666667	0.25	9.341886588613186e-25	-1.0984185827494345e-5	0.05	0.9999999206307263
1.1333333333333333	0.25	0.29360196485254336	-1.9370314101648098	0.35914999999999997	0.9149193546799269
1.2	0.25	4.018535445776712e-43	-1.0947912180029618e-5	0.05	0.9999999760084289
0.8	0.05	0.781895877436065	-0.006243063081213692	0.65	1.2209402819297495
0.8666666666666667	0.05	0.7323403946423344	-0.005961097498590823	0.65	1.1376332667850313
0.9333333333333333	0.05	0.8274673723723213	-0.496104157160394	0.6024499999999999	1.0650171819024683
1.0	0.05	0.003251214367042453	-3.138785797924006e-6	0.6	1.0000109079575474
1.0666666666666667	0.05	3.923125447367879e-26	-1.0986994060355048e-5	0.05	1.000000027134521
1.1333333333333333	0.05	1.9234981673324328e-55	-3.3127233168214817e-6	0.05	1.0000115073415878
1.2	0.05	6.142960562445085e-85	-1.0983962103299064e-5	0.05	0.9999999352651551
0.8	0.15	0.536145426396941	-7.059958678637108e-6	0.35	1.1885650209875456
0.8666666666666667	0.15	0.60377322097003	-0.03224791411347321	0.6143500000000001	1.1240357992958814
0.9333333333333333	0.15	0.6307406428344957	-0.009076769809366175	0.43795	1.0598680300603538
1.0	0.15	0.40931496561819675	-0.29004761641648774	0.3146	0.9999948897460075
1.0666666666666667	0.15	0.20925158975678881	-2.536842856907634	0.32345	0.9728515500491749
1.1333333333333333	0.15	0.12398174624479764	-2.096941903715771e-6	0.1	1.0257590127305187
1.2	0.15	0.21525424309669833	-1.6523924885970855e-6	0.17335	1.018952069696027
0.8	0.25	0.590198272520153	-0.0008357937490705517	0.35	1.0349340448265643
0.8666666666666667	0.25	0.5250879845706722	-0.7289856052412883	0.45	1.0990814673393396
0.9333333333333333	0.25	0.47333578655049663	-0.4729614391614428	0.52645	1.019054055138694
1.0	0.25	0.40572567029168705	-5.004168569360248e-6	0.27545000000000003	1.0000000262080702
1.0666666666666667	0.25	0.2470747568761194	-2.6637554300926154	0.27195	0.8469540849438627
1.1333333333333333	0.25	1.4652301271435825e-38	-1.0958978432471177e-5	0.05	0.9999999321327614
1.2	0.25	0.07464800797295537	-1.500673866588203	0.1975	0.9441003178026192
